2991
0 10 20 33 47 63 83 102 103 117 131 142 162 164 182 195 201 210 220 224 225 236 241 250 263 272 275 277 287 306 326 341 351 363 364 377 394 409 414 429 434 448 464 468 469 479 491 497 513 525 526 542 561 577 582 592 610 622 629 646 652 664 668 688 694 699 710 726 735 745 761 772 774 784 787 806 819 838 840 851 854 863 864 878 886 895 898 905 921 936 951 957 975 983 984 1000 1013 1024 1038 1053 
0 3 10 17 26 30 34 36 39 46 51 55 61 68 83 94 99 115 126 146 149 159 166 184 200 211 231 248 256 264 274 293 295 308 324 340 348 357 370 376 392 394 402 406 412 429 439 450 458 472 474 488 508 509 518 525 536 539 556 563 579 591 593 609 619 634 640 648 653 669 679 688 704 716 732 748 764 767 773 790 796 816 838 852 854 863 875 878 898 905 918 935 953 955 970 979 981 995 1012 1024 
0 4 16 23 39 45 61 69 79 97 114 122 137 159 174 189 206 212 222 240 247 265 277 287 290 294 306 309 326 343 344 357 370 390 409 415 431 445 447 463 472 485 496 511 529 533 549 565 572 583 593 612 618 629 643 654 660 673 677 684 710 725 734 751 760 779 788 794 806 815 816 829 842 849 865 878 897 902 911 919 935 936 938 949 960 967 985 1002 1017 1029 1034 1044 1045 1064 1067 1069 1088 1102 1117 1121 
0 11 27 31 47 54 55 67 75 88 108 126 133 150 162 166 185 199 203 214 228 232 236 251 263 278 281 298 317 336 352 362 364 376 384 390 395 412 413 423 438 457 477 495 503 520 530 531 542 565 570 582 593 612 619 632 664 682 688 690 703 711 734 738 747 750 760 771 791 800 817 826 837 842 850 867 884 898 903 922 939 957 973 1012 1028 1036 1056 1070 1084 1085 1090 1109 1118 1131 1137 1157 1163 1173 1193 1199 
0 5 9 22 28 44 48 65 80 83 108 125 132 137 153 165 179 183 210 223 235 256 273 283 287 296 297 316 334 344 353 369 384 390 395 410 414 423 438 440 445 451 456 469 474 492 509 517 532 544 570 581 600 606 626 637 651 654 669 674 682 693 694 700 712 727 734 738 742 746 753 761 769 777 778 782 788 795 801 820 830 835 844 863 870 876 893 903 907 909 915 919 924 940 944 956 963 981 984 998 
0 8 12 17 23 35 55 59 63 78 87 94 100 107 133 143 161 164 183 197 213 221 226 240 247 248 266 271 272 289 298 317 333 335 343 348 360 374 381 400 410 419 430 431 434 440 442 447 455 467 477 478 496 512 526 539 543 561 568 580 598 617 628 643 648 668 671 686 688 702 720 734 747 749 760 765 774 778 782 802 804 806 820 829 838 845 857 864 873 884 894 901 902 913 922 923 932 947 959 968 
0 10 29 33 50 69 89 125 127 143 160 177 200 212 217 225 238 250 261 263 272 285 287 292 326 335 340 400 416 445 453 466 468 478 485 499 514 525 542 558 560 567 575 590 607 613 615 632 633 634 649 653 668 688 701 720 730 740 750 777 791 794 799 838 856 867 868 886 898 910 913 932 947 948 950 981 998 1018 1024 1042 1044 1051 1064 1084 1090 1108 1123 1143 1154 1172 1175 1178 1187 1194 1209 1215 1220 1222 1230 1245 
0 11 15 33 35 49 52 59 69 84 87 99 101 117 137 162 172 182 198 215 216 217 234 250 259 272 292 309 312 327 345 351 360 361 373 380 396 405 425 439 455 466 482 501 521 540 546 552 555 573 583 599 608 624 643 648 663 671 681 700 712 713 724 733 737 753 772 790 810 819 828 840 859 873 876 889 911 940 955 974 986 999 1024 1030 1044 1046 1062 1079 1090 1103 1123 1139 1149 1155 1163 1178 1182 1186 1203 1211 
0 3 19 33 35 43 53 55 69 78 87 101 126 133 149 155 184 193 196 208 211 229 248 264 309 320 335 348 358 368 387 404 421 430 448 457 468 471 473 482 493 499 517 544 550 583 612 630 638 652 653 668 688 697 712 738 748 767 780 795 801 817 863 878 898 916 920 921 940 951 955 972 977 990 1000 1018 1037 1047 1051 1064 1084 1085 1094 1099 1118 1124 1140 1146 1148 1160 1179 1187 1194 1210 1230 1249 1268 1270 1275 1287 
0 11 23 32 46 56 58 74 76 96 97 117 131 132 137 154 161 175 180 194 204 219 226 230 237 253 262 278 295 302 316 333 336 338 340 352 361 377 378 387 394 403 405 413 431 433 436 501 516 531 547 559 574 581 596 597 634 642 657 670 673 687 703 718 730 732 735 758 768 791 806 844 863 867 885 901 905 912 929 947 979 994 1001 1012 1016 1017 1026 1045 1065 1090 1110 1123 1138 1149 1159 1178 1192 1196 1214 1221 
0 16 21 33 43 78 99 116 117 125 154 173 183 231 251 255 271 279 280 296 333 353 370 388 392 396 400 419 422 423 433 448 478 492 506 523 527 535 546 566 578 587 598 630 637 641 651 657 671 672 679 693 713 714 733 746 749 750 764 783 819 834 840 845 852 857 867 884 903 913 967 987 1000 1002 1009 1014 1034 1045 1065 1077 1087 1105 1115 1127 1136 1154 1170 1178 1192 1211 1226 1236 1256 1266 1280 1286 1302 1314 1326 1327 
0 1 17 33 63 116 135 148 168 183 193 200 211 221 236 263 283 301 303 321 329 343 409 428 448 455 468 483 516 523 535 554 578 593 597 613 629 641 643 653 655 663 673 684 696 713 719 760 794 800 819 826 837 849 852 863 895 911 927 941 946 961 978 984 999 1012 1025 1034 1040 1048 1079 1083 1100 1110 1127 1141 1147 1163 1168 1179 1181 1188 1205 1219 1221 1237 1240 1243 1253 1262 1277 1282 1290 1301 1316 1317 1333 1336 1342 1349 
0 16 50 61 63 65 71 77 79 83 88 92 110 117 124 135 140 150 167 183 198 200 207 221 236 247 271 281 297 308 325 331 338 341 357 375 384 395 397 411 419 431 443 462 469 484 498 505 525 531 577 592 606 641 661 667 686 696 707 710 730 735 755 774 782 794 814 832 849 867 878 898 918 920 938 948 974 977 1018 1033 1037 1051 1065 1071 1083 1087 1094 1110 1120 1136 1149 1157 1173 1180 1181 1185 1186 1195 1203 1218 
0 35 53 67 76 107 125 143 157 177 197 205 206 223 225 244 259 295 308 321 339 355 367 372 376 380 381 387 389 392 410 429 447 465 491 508 524 537 568 585 588 603 629 647 661 667 693 706 718 722 732 751 764 771 787 814 833 846 878 894 911 925 926 927 932 935 949 967 981 993 1002 1033 1039 1052 1062 1075 1085 1110 1115 1133 1146 1165 1181 1196 1211 1218 1221 1230 1235 1246 1257 1270 1279 1294 1302 1314 1326 1335 1341 1347 
0 17 49 61 65 72 84 85 90 110 113 132 144 156 174 182 186 190 226 242 244 260 265 274 278 279 286 320 338 344 357 381 400 409 423 434 445 452 458 477 492 500 513 517 521 538 558 567 569 586 609 628 642 654 674 676 707 724 761 778 779 785 819 828 836 844 863 868 877 878 911 922 937 956 960 978 983 1017 1033 1047 1090 1104 1140 1160 1179 1181 1193 1213 1230 1244 1257 1271 1290 1309 1311 1321 1336 1349 1352 1369 
17 96 126 146 156 164 184 199 219 225 231 237 238 254 257 308 326 329 347 348 367 377 400 404 413 448 462 492 507 517 530 533 553 568 575 595 612 674 688 697 715 753 779 792 800 812 815 833 840 852 862 882 896 911 926 937 939 943 955 964 981 993 1003 1013 1015 1025 1026 1034 1043 1049 1067 1078 1090 1101 1120 1124 1129 1141 1147 1181 1209 1214 1234 1268 1279 1287 1289 1292 1293 1312 1321 1338 1343 1361 1370 1375 1383 1387 1398 1417 
20 35 51 54 72 75 78 98 109 111 126 145 151 167 174 184 194 203 206 222 241 261 281 287 303 323 336 343 357 413 433 443 459 476 498 513 523 530 539 540 549 566 574 585 607 618 645 663 703 721 729 755 763 776 777 778 802 806 837 849 856 860 880 949 973 978 984 1000 1006 1023 1026 1044 1049 1060 1080 1095 1115 1124 1125 1129 1154 1174 1190 1210 1225 1234 1243 1246 1257 1261 1281 1293 1298 1303 1333 1341 1358 1360 1371 1388 
0 36 43 52 62 73 77 127 129 134 145 164 198 208 217 225 241 258 273 293 309 325 337 352 354 377 396 410 416 420 431 438 441 457 473 480 503 517 540 544 546 555 564 578 595 603 611 617 632 643 661 679 687 689 709 720 731 748 757 780 795 814 819 833 842 860 861 869 870 876 893 920 934 956 957 967 984 998 1005 1010 1028 1034 1045 1053 1064 1074 1081 1085 1094 1097 1099 1118 1137 1154 1158 1163 1177 1186 1213 1226 
0 7 9 13 23 33 76 91 103 105 117 121 134 193 210 218 229 232 240 249 260 268 273 276 294 343 358 387 397 436 456 472 508 517 540 545 557 574 586 606 636 642 682 699 707 724 729 731 745 779 795 803 808 834 846 863 864 884 886 916 927 940 941 967 998 1013 1028 1048 1055 1074 1087 1107 1122 1124 1144 1163 1170 1180 1262 1278 1292 1293 1302 1316 1324 1333 1349 1369 1385 1386 1392 1410 1430 1442 1446 1458 1465 1476 1488 1498 
16 25 53 56 73 94 97 116 130 142 143 158 211 231 240 253 266 280 286 294 324 357 377 391 392 398 418 471 478 498 504 508 521 542 550 575 580 583 587 634 646 658 659 679 696 697 698 702 719 734 742 757 773 788 833 855 866 885 886 896 909 912 926 933 934 936 940 944 945 956 968 986 1000 1001 1002 1017 1029 1035 1047 1058 1063 1076 1094 1106 1124 1133 1141 1156 1157 1165 1187 1199 1211 1231 1249 1251 1259 1278 1288 1307 
0 10 15 17 33 34 43 49 54 61 97 114 117 134 151 185 200 203 232 267 280 317 333 336 352 368 377 378 394 405 408 426 459 477 485 513 533 554 569 570 575 589 606 608 647 653 702 715 732 752 800 813 815 820 832 859 872 888 892 908 912 925 926 935 936 948 955 961 978 982 985 991 1003 1019 1026 1033 1049 1063 1085 1115 1133 1151 1185 1204 1212 1230 1250 1260 1261 1276 1292 1295 1308 1310 1336 1370 1387 1403 1412 1423 
0 5 25 26 36 47 66 78 88 135 174 208 212 228 231 278 282 303 306 314 325 327 345 355 368 371 378 381 385 410 425 468 483 495 513 533 534 542 557 561 577 603 604 613 633 636 643 645 654 663 684 698 702 725 741 777 790 801 807 827 867 898 916 932 950 967 999 1003 1015 1021 1034 1053 1069 1089 1105 1118 1129 1140 1142 1154 1170 1186 1201 1220 1240 1256 1261 1264 1277 1295 1311 1316 1349 1355 1356 1359 1368 1381 1398 1399 
0 20 22 55 70 71 78 79 86 110 118 126 137 157 161 178 183 187 203 264 300 308 312 331 348 359 379 394 402 434 450 469 483 494 517 526 533 541 558 563 570 587 595 615 626 633 640 654 655 670 678 685 704 713 731 743 764 776 783 799 819 835 844 852 862 879 887 892 910 957 970 993 1000 1018 1031 1059 1075 1086 1091 1094 1098 1141 1148 1186 1200 1206 1220 1240 1259 1279 1289 1334 1353 1356 1364 1375 1393 1402 1415 1422 
0 9 20 33 35 46 58 103 125 145 152 168 186 194 206 226 249 276 310 348 357 391 406 433 466 478 495 520 558 570 596 607 624 653 657 697 715 718 724 733 743 753 764 801 811 828 851 859 861 870 885 904 910 914 949 957 981 1003 1013 1044 1056 1064 1065 1076 1081 1093 1108 1118 1122 1137 1148 1173 1180 1199 1201 1210 1228 1244 1256 1261 1272 1310 1314 1319 1322 1338 1354 1373 1385 1388 1405 1421 1428 1433 1438 1452 1455 1463 1479 1484 
0 11 55 63 67 72 73 78 80 91 105 118 128 164 184 188 199 216 217 219 249 266 270 281 297 309 318 331 344 352 369 385 387 403 416 417 437 442 447 458 465 483 500 506 520 523 526 557 657 677 733 749 751 769 771 802 886 902 910 932 945 964 970 993 1013 1018 1024 1075 1098 1109 1115 1131 1136 1143 1170 1181 1183 1191 1202 1210 1229 1237 1250 1270 1279 1287 1288 1296 1316 1330 1336 1352 1362 1363 1371 1385 1386 1398 1433 1449 
51 69 89 92 95 117 140 148 182 190 231 262 308 313 345 377 394 422 441 483 497 509 529 561 564 592 623 626 630 632 688 712 725 726 740 753 773 775 782 791 797 828 837 850 857 869 898 905 925 943 958 961 962 967 986 1000 1016 1028 1029 1031 1039 1043 1058 1115 1123 1128 1147 1177 1184 1191 1194 1212 1249 1279 1326 1341 1350 1355 1374 1382 1390 1391 1398 1421 1435 1442 1448 1463 1470 1482 1484 1502 1515 1526 1528 1534 1554 1568 1583 1601 
0 8 12 25 39 57 77 86 125 137 184 197 200 241 268 285 293 295 314 333 342 353 385 404 437 452 453 526 544 547 585 618 633 640 642 663 726 783 803 820 839 875 894 914 934 942 955 960 1002 1010 1039 1062 1080 1081 1085 1095 1105 1116 1124 1135 1151 1166 1176 1187 1210 1222 1226 1232 1240 1245 1263 1277 1292 1316 1327 1342 1346 1349 1371 1382 1392 1412 1418 1424 1434 1442 1463 1481 1498 1514 1521 1535 1555 1559 1568 1582 1590 1599 1613 1614 
0 20 39 56 67 70 87 102 110 111 121 148 167 199 240 247 279 281 306 347 370 377 407 463 478 481 525 543 559 569 582 595 602 619 629 638 658 673 674 703 712 716 735 754 782 795 802 809 813 827 852 885 895 905 915 924 932 935 941 949 954 956 963 1000 1016 1034 1038 1042 1049 1050 1086 1118 1137 1146 1166 1177 1180 1200 1206 1219 1222 1227 1235 1253 1280 1289 1292 1303 1318 1333 1336 1350 1365 1377 1384 1393 1411 1414 1421 1429 
78 88 93 98 109 129 172 192 208 228 233 237 297 314 351 366 367 381 402 411 425 439 451 492 509 513 525 526 581 602 624 628 640 645 652 687 700 717 731 748 756 811 837 855 857 865 894 903 937 951 970 989 1034 1051 1067 1101 1116 1135 1138 1178 1181 1185 1203 1218 1237 1238 1248 1277 1292 1298 1302 1303 1310 1311 1320 1327 1343 1354 1359 1374 1384 1404 1424 1425 1440 1457 1468 1477 1486 1500 1517 1522 1539 1545 1552 1557 1564 1583 1593 1609 
0 2 7 13 17 29 33 46 52 67 94 111 135 152 157 159 178 179 193 211 212 214 247 265 280 290 336 356 392 408 423 426 442 457 469 483 494 499 517 548 555 570 581 588 642 657 659 678 747 766 782 789 794 797 801 821 837 847 860 902 910 932 933 935 949 992 1006 1017 1026 1083 1122 1181 1230 1246 1254 1263 1279 1281 1282 1314 1330 1349 1369 1374 1376 1396 1406 1419 1433 1437 1481 1497 1513 1527 1539 1552 1572 1584 1589 1599 
0 12 15 24 31 49 56 76 95 114 125 136 156 175 203 217 220 248 263 286 306 318 333 341 399 414 424 435 437 450 492 550 565 584 594 612 631 643 645 666 675 684 695 704 708 730 751 769 789 808 820 943 958 960 978 983 997 1011 1031 1045 1076 1123 1133 1178 1237 1251 1252 1262 1276 1289 1307 1324 1344 1348 1365 1377 1428 1439 1457 1465 1468 1479 1482 1492 1500 1505 1518 1521 1526 1539 1556 1558 1576 1583 1601 1611 1620 1635 1636 1654 
0 12 32 69 88 94 134 149 169 190 230 244 280 294 305 352 376 378 414 433 436 493 512 531 537 556 557 617 628 635 638 647 658 675 683 699 710 712 724 730 757 771 782 797 810 840 870 934 943 953 986 997 1031 1094 1112 1137 1150 1155 1157 1164 1167 1168 1181 1198 1240 1251 1262 1265 1283 1303 1321 1336 1352 1366 1369 1387 1401 1414 1433 1457 1477 1498 1508 1509 1520 1528 1529 1543 1552 1563 1570 1579 1601 1602 1607 1621 1625 1638 1647 1648 
36 55 83 97 102 108 118 125 145 154 162 170 190 200 216 225 239 255 289 333 347 356 363 394 421 439 544 552 667 685 701 702 719 740 795 807 842 859 863 867 879 943 957 971 979 987 1018 1023 1037 1039 1079 1088 1105 1133 1139 1144 1150 1153 1164 1173 1180 1193 1200 1230 1243 1268 1292 1309 1320 1330 1349 1361 1366 1439 1458 1467 1481 1485 1493 1501 1520 1528 1547 1555 1570 1579 1585 1586 1590 1609 1625 1644 1655 1666 1674 1681 1696 1704 1722 1725 
0 11 14 17 27 33 55 70 87 166 177 210 222 230 248 261 290 310 312 323 337 355 371 376 380 397 416 442 473 486 526 534 545 559 570 580 585 593 595 599 602 616 676 691 704 714 738 756 765 776 799 808 810 827 855 875 884 892 905 911 935 954 966 970 987 1015 1033 1045 1065 1076 1095 1123 1137 1146 1260 1274 1294 1299 1304 1314 1321 1343 1365 1385 1392 1404 1412 1435 1436 1445 1460 1472 1476 1486 1499 1511 1526 1538 1551 1561 
0 17 48 66 72 75 100 112 118 136 146 148 197 216 224 235 248 260 265 435 453 469 476 490 492 503 521 534 550 553 564 582 586 592 604 614 625 658 668 688 817 835 846 861 862 872 885 895 911 971 991 994 1002 1010 1027 1043 1045 1052 1058 1083 1140 1157 1203 1217 1227 1235 1261 1275 1294 1311 1314 1321 1326 1342 1343 1365 1385 1395 1396 1408 1423 1437 1448 1455 1469 1480 1482 1486 1505 1519 1531 1548 1570 1583 1603 1618 1632 1640 1655 1670 
13 33 40 56 61 75 89 105 119 136 152 182 194 197 205 221 234 236 263 281 300 337 353 365 373 414 419 423 433 444 483 495 531 541 555 558 572 575 588 608 620 625 631 641 657 674 696 706 707 719 731 747 779 844 957 981 1001 1021 1035 1041 1051 1065 1101 1119 1139 1156 1166 1170 1175 1176 1192 1209 1221 1249 1265 1277 1292 1298 1308 1315 1317 1328 1350 1365 1385 1403 1413 1416 1418 1428 1433 1452 1453 1469 1472 1489 1506 1521 1541 1542 
0 11 27 63 94 118 146 159 194 213 260 278 282 288 338 348 357 366 373 392 411 417 435 512 549 561 595 602 611 627 646 782 801 807 827 846 859 880 891 906 923 967 1001 1014 1031 1045 1054 1069 1085 1101 1156 1174 1192 1206 1219 1230 1243 1284 1300 1318 1345 1362 1372 1423 1431 1448 1460 1474 1481 1496 1499 1516 1536 1555 1603 1632 1652 1666 1681 1698 1707 1724 1740 1748 1751 1767 1785 1795 1810 1818 1827 1837 1850 1853 1858 1860 1866 1883 1899 1902 
0 2 27 36 61 206 226 244 264 266 286 298 318 352 404 415 423 436 453 495 507 535 537 554 568 586 592 611 612 645 672 698 707 718 835 851 860 868 874 886 893 910 938 941 946 947 965 980 1000 1001 1032 1050 1106 1126 1177 1181 1186 1235 1252 1262 1286 1311 1330 1335 1343 1373 1404 1420 1428 1435 1455 1471 1482 1485 1496 1499 1515 1529 1542 1555 1557 1563 1618 1627 1644 1664 1682 1699 1702 1722 1730 1744 1759 1774 1785 1786 1794 1803 1819 1825 
14 32 56 71 73 87 88 104 117 131 157 195 209 288 308 310 317 328 344 353 354 369 380 393 425 426 452 469 523 530 549 582 598 617 630 636 648 657 659 683 688 709 722 735 748 764 784 803 806 849 874 892 896 922 930 946 963 972 991 998 1010 1020 1025 1039 1049 1063 1078 1082 1099 1110 1135 1154 1160 1188 1198 1214 1229 1242 1246 1251 1274 1291 1304 1337 1357 1367 1385 1408 1423 1436 1500 1517 1532 1544 1549 1557 1565 1574 1593 1604 
0 27 46 67 75 93 101 134 153 169 186 247 265 266 277 281 297 323 336 354 367 405 443 463 477 508 511 526 531 555 559 571 586 608 663 679 748 758 765 773 851 867 875 886 896 900 923 939 956 985 1010 1025 1045 1064 1070 1088 1106 1120 1148 1150 1198 1205 1223 1236 1251 1386 1412 1432 1435 1451 1461 1482 1490 1510 1518 1528 1529 1536 1551 1563 1579 1593 1604 1606 1607 1616 1628 1644 1663 1671 1684 1702 1716 1722 1742 1757 1759 1765 1766 1768 
29 34 52 90 114 143 155 220 239 242 264 281 293 348 354 396 416 417 421 445 458 557 586 592 631 651 669 673 675 684 698 743 757 760 761 781 794 801 820 850 898 916 951 961 986 1006 1013 1022 1040 1088 1115 1157 1171 1190 1203 1205 1230 1236 1243 1249 1260 1289 1301 1350 1366 1377 1391 1397 1412 1420 1423 1431 1437 1456 1476 1496 1507 1519 1526 1544 1558 1570 1602 1618 1637 1650 1651 1660 1678 1683 1701 1704 1711 1731 1739 1754 1763 1769 1785 1802 
58 76 92 118 122 164 180 192 221 232 234 247 280 294 299 343 355 357 374 478 505 522 533 542 560 566 579 590 602 610 614 615 745 755 774 784 790 797 802 829 863 873 894 906 915 937 962 968 992 1048 1066 1109 1143 1160 1176 1200 1209 1223 1278 1300 1303 1310 1321 1336 1345 1348 1368 1374 1395 1400 1405 1409 1411 1422 1436 1437 1457 1477 1496 1505 1519 1522 1541 1542 1554 1557 1574 1584 1604 1627 1632 1650 1663 1673 1690 1696 1698 1718 1731 1740 
12 26 34 56 75 94 101 102 292 312 331 343 350 363 379 389 412 419 439 490 506 518 556 564 565 615 651 669 679 722 728 741 755 765 782 792 812 820 872 904 948 972 1006 1025 1056 1068 1078 1094 1104 1122 1161 1186 1252 1269 1292 1320 1330 1338 1353 1357 1374 1412 1432 1444 1452 1467 1473 1487 1505 1506 1532 1547 1564 1593 1613 1630 1645 1653 1673 1674 1677 1686 1690 1703 1720 1739 1785 1799 1811 1829 1840 1858 1861 1881 1895 1903 1918 1937 1951 1971 
0 13 18 34 52 63 91 103 122 135 150 153 193 207 213 228 244 306 307 318 332 350 390 408 423 433 442 444 534 565 571 576 584 592 608 609 614 620 636 647 663 713 749 753 784 820 838 958 964 978 986 996 1012 1015 1038 1051 1058 1100 1107 1125 1135 1150 1158 1177 1179 1185 1193 1207 1223 1240 1244 1257 1265 1282 1291 1301 1385 1404 1416 1432 1455 1500 1513 1545 1557 1571 1613 1620 1628 1629 1641 1658 1666 1678 1683 1698 1700 1703 1706 1716 
0 1 8 18 24 36 44 46 66 69 123 135 148 153 155 174 183 195 198 222 230 249 265 276 278 297 301 333 351 359 368 392 407 496 509 529 543 599 615 658 675 690 704 705 722 733 769 776 840 885 916 917 932 945 958 966 972 987 1016 1023 1080 1098 1104 1116 1130 1174 1190 1208 1222 1242 1246 1266 1276 1280 1283 1288 1293 1308 1320 1323 1352 1366 1367 1385 1393 1404 1436 1446 1458 1477 1490 1497 1506 1519 1547 1564 1570 1604 1617 1636 
17 31 34 40 44 78 177 192 207 240 261 296 327 347 356 371 387 453 473 489 606 623 693 747 758 862 879 889 896 927 997 1027 1032 1048 1049 1058 1098 1112 1114 1124 1142 1144 1148 1214 1233 1247 1251 1257 1268 1275 1294 1301 1309 1327 1338 1349 1353 1363 1381 1388 1393 1396 1423 1427 1442 1448 1453 1459 1479 1486 1497 1518 1525 1526 1538 1555 1562 1578 1594 1595 1621 1636 1644 1659 1662 1678 1690 1692 1696 1730 1734 1759 1776 1778 1786 1802 1811 1828 1832 1834 
3 9 23 43 56 103 119 124 127 134 149 168 182 222 237 248 310 327 329 363 382 386 438 456 485 503 544 565 648 673 675 720 727 737 756 757 813 820 839 859 864 873 881 887 948 967 987 1000 1057 1116 1134 1154 1164 1165 1193 1210 1243 1252 1287 1301 1336 1356 1359 1366 1379 1387 1396 1411 1413 1427 1432 1451 1457 1462 1472 1497 1557 1584 1585 1595 1614 1616 1623 1642 1648 1656 1683 1700 1719 1723 1730 1746 1759 1772 1777 1780 1784 1790 1803 1809 
0 17 35 57 76 85 87 92 108 167 187 188 211 216 226 244 255 273 304 312 327 335 342 357 372 385 387 438 476 495 506 578 597 607 675 687 691 704 715 763 780 783 794 804 813 964 977 1013 1050 1064 1067 1083 1157 1200 1215 1265 1406 1426 1435 1440 1449 1522 1549 1563 1574 1586 1610 1628 1634 1637 1647 1660 1677 1716 1727 1733 1747 1767 1784 1800 1801 1819 1824 1827 1838 1841 1849 1859 1861 1871 1878 1888 1889 1901 1905 1912 1925 1932 1943 1945 
34 125 148 197 204 205 218 235 251 269 347 366 384 391 398 413 420 438 456 486 488 493 506 508 513 530 540 541 558 627 654 657 720 754 773 819 834 835 852 862 869 875 915 940 950 1039 1069 1085 1100 1108 1125 1150 1159 1163 1190 1215 1243 1245 1259 1268 1270 1272 1282 1286 1299 1311 1321 1328 1338 1359 1384 1421 1467 1478 1488 1496 1506 1526 1541 1578 1591 1592 1609 1637 1642 1664 1681 1685 1699 1715 1734 1748 1753 1764 1779 1782 1788 1789 1803 1816 
5 23 88 104 149 158 178 190 205 259 281 295 354 361 364 376 381 404 419 425 436 456 468 476 506 552 568 572 592 604 626 627 639 669 681 706 713 716 735 807 819 830 849 860 877 919 936 968 1024 1087 1126 1146 1151 1162 1168 1181 1194 1209 1211 1330 1345 1366 1386 1400 1405 1424 1443 1445 1451 1471 1477 1487 1492 1513 1591 1608 1615 1627 1641 1652 1670 1675 1678 1689 1691 1707 1710 1719 1725 1735 1741 1748 1761 1766 1785 1796 1804 1818 1820 1834 
4 22 56 75 89 124 149 160 249 264 267 280 287 296 316 332 364 415 431 446 509 529 535 623 638 639 645 672 696 707 727 742 760 790 803 818 822 896 910 912 928 946 950 953 965 989 1009 1131 1147 1239 1278 1318 1326 1331 1345 1348 1358 1382 1421 1437 1457 1467 1487 1563 1581 1594 1600 1612 1629 1648 1663 1671 1683 1700 1719 1742 1746 1752 1767 1780 1796 1809 1814 1821 1828 1845 1865 1878 1884 1898 1906 1914 1920 1929 1933 1948 1971 1976 1979 1984 
47 79 84 102 112 242 256 278 292 311 319 333 344 362 404 419 444 455 480 499 559 586 599 678 687 694 748 775 806 813 817 830 872 899 919 983 1017 1026 1027 1045 1064 1076 1088 1093 1105 1157 1174 1204 1217 1218 1224 1247 1261 1291 1310 1325 1333 1341 1404 1406 1421 1426 1443 1446 1448 1535 1555 1566 1572 1592 1594 1599 1618 1621 1633 1701 1738 1757 1764 1781 1789 1802 1804 1814 1827 1848 1859 1867 1878 1895 1915 1920 1935 1943 1958 1961 1973 1982 2002 2017 
0 27 102 122 132 148 153 174 175 193 279 295 297 374 386 412 419 458 475 503 518 529 535 554 555 562 642 789 799 821 911 927 941 955 965 1039 1057 1062 1063 1091 1115 1127 1133 1181 1201 1222 1262 1277 1290 1298 1300 1307 1308 1326 1482 1528 1538 1544 1557 1561 1570 1587 1604 1618 1660 1668 1686 1687 1696 1697 1700 1713 1714 1734 1742 1746 1761 1765 1784 1786 1796 1809 1829 1844 1860 1867 1875 1887 1900 1901 1908 1920 1932 1933 1952 1960 1971 1973 1986 2005 
0 29 42 56 76 83 101 192 231 238 243 273 305 323 332 348 357 386 395 414 434 513 576 593 648 682 692 700 704 707 722 745 752 766 778 789 803 850 878 927 947 958 959 974 1036 1042 1055 1058 1064 1081 1103 1120 1133 1149 1192 1211 1323 1355 1500 1516 1527 1537 1538 1542 1599 1615 1624 1658 1670 1687 1694 1714 1717 1729 1730 1733 1745 1765 1785 1800 1832 1850 1867 1872 1891 1911 1923 1937 1947 1951 1954 1961 1962 1970 1988 1997 2010 2023 2028 2032 
0 278 303 316 531 599 614 688 696 699 709 769 782 788 808 815 825 831 846 895 912 946 987 1023 1038 1049 1098 1124 1160 1217 1235 1252 1301 1321 1338 1356 1373 1412 1429 1434 1442 1470 1480 1489 1509 1523 1558 1572 1574 1632 1641 1649 1685 1704 1719 1724 1734 1743 1764 1784 1798 1813 1821 1834 1842 1853 1857 1868 1901 1917 1925 1926 1938 1953 1961 1981 1992 2017 2032 2036 2054 2060 2061 2074 2093 2110 2124 2139 2147 2159 2172 2189 2201 2214 2223 2229 2231 2234 2253 2260 
9 27 42 63 104 118 122 137 256 281 473 525 553 572 574 578 591 633 668 687 734 814 829 830 838 966 1006 1009 1030 1055 1067 1086 1096 1114 1140 1149 1150 1165 1168 1171 1201 1232 1243 1257 1278 1301 1373 1402 1418 1456 1469 1480 1520 1538 1539 1550 1554 1564 1579 1583 1597 1614 1621 1622 1638 1655 1668 1692 1699 1717 1730 1744 1757 1780 1792 1828 1845 1860 1883 1903 1917 1935 1938 1949 1965 1990 2010 2012 2028 2036 2037 2038 2040 2047 2066 2079 2097 2106 2110 2128 
0 17 26 61 84 93 110 137 187 196 207 233 234 308 329 353 367 381 399 474 521 536 678 704 725 737 825 905 916 917 925 941 949 958 973 1007 1048 1056 1215 1235 1251 1318 1390 1393 1413 1429 1460 1506 1513 1557 1573 1589 1638 1678 1696 1700 1716 1717 1721 1733 1739 1740 1748 1768 1777 1802 1822 1838 1849 1869 1887 1889 1905 1925 1931 1940 1956 1964 1984 1997 2023 2037 2056 2073 2079 2093 2103 2107 2114 2126 2127 2134 2141 2150 2157 2177 2179 2192 2204 2207 
23 57 105 161 172 251 269 298 311 319 339 395 455 484 503 517 575 675 704 708 720 727 748 759 782 793 814 819 822 829 831 834 865 897 899 903 926 941 971 1014 1203 1223 1242 1268 1283 1301 1338 1348 1355 1356 1358 1359 1369 1401 1407 1408 1442 1457 1476 1496 1509 1518 1544 1576 1611 1631 1673 1704 1721 1766 1786 1803 1814 1817 1821 1826 1845 1858 1873 1875 1876 1879 1882 1885 1896 1914 1965 1984 1994 2003 2018 2019 2039 2059 2062 2064 2068 2093 2106 2115 
0 15 46 66 70 112 126 141 146 158 168 178 308 393 434 443 446 458 469 471 476 482 496 509 553 563 566 602 619 627 647 661 692 702 725 765 768 778 783 800 818 823 839 864 899 929 933 1009 1037 1053 1059 1068 1074 1087 1120 1136 1170 1178 1368 1398 1415 1423 1426 1453 1474 1490 1492 1494 1506 1522 1534 1553 1566 1575 1609 1628 1630 1666 1673 1676 1744 1772 1803 1815 1816 1823 1836 1845 1846 1851 1887 1903 1921 1932 1937 1956 1975 1986 1996 2016 
0 2 10 49 62 93 175 183 210 212 216 250 269 271 326 368 417 455 471 496 526 534 536 540 599 722 757 774 820 838 855 872 879 886 888 900 906 932 955 960 971 978 999 1005 1015 1022 1051 1053 1062 1078 1081 1100 1109 1130 1173 1187 1204 1221 1276 1295 1330 1345 1363 1370 1408 1444 1469 1475 1487 1549 1574 1587 1595 1601 1612 1628 1682 1699 1718 1723 1737 1745 1757 1758 1775 1777 1797 1816 1829 1835 1852 1860 1871 1881 1890 1892 1901 1911 1921 1937 
0 51 61 71 164 167 281 299 306 379 494 504 535 556 575 576 595 640 675 694 778 795 840 846 878 881 889 890 914 948 968 979 998 1010 1026 1046 1134 1387 1403 1418 1428 1484 1513 1563 1580 1582 1596 1599 1613 1625 1647 1671 1676 1684 1694 1719 1761 1780 1789 1796 1797 1803 1814 1823 1837 1845 1882 1933 1946 1960 1981 2000 2010 2020 2033 2050 2064 2081 2098 2117 2119 2135 2155 2158 2189 2204 2206 2218 2233 2242 2252 2268 2286 2291 2309 2314 2327 2330 2347 2361 
0 32 40 95 134 138 146 167 180 187 203 219 224 240 251 280 300 306 323 343 350 360 377 411 415 432 441 453 469 471 477 560 582 689 713 727 790 819 832 874 885 911 958 976 1006 1019 1033 1044 1058 1066 1164 1175 1176 1179 1198 1207 1213 1261 1272 1280 1287 1292 1372 1417 1458 1461 1483 1509 1565 1585 1630 1650 1665 1678 1697 1763 1778 1788 1801 1813 1820 1838 1855 1890 1901 1902 1905 1907 1920 1936 1973 1992 2008 2010 2013 2030 2036 2045 2056 2061 
18 19 110 142 168 221 260 280 281 288 303 306 354 404 421 471 478 530 534 546 557 597 626 710 727 751 778 830 844 845 861 983 1001 1015 1032 1038 1058 1070 1076 1103 1113 1141 1159 1178 1194 1195 1256 1354 1393 1413 1448 1467 1473 1565 1582 1594 1600 1617 1629 1681 1693 1708 1711 1721 1732 1752 1771 1776 1781 1782 1795 1809 1819 1825 1843 1858 1874 1891 1892 1896 1903 1908 1916 1937 1954 1972 1975 1994 2013 2033 2043 2049 2066 2078 2088 2107 2111 2139 2149 2154 
39 95 143 159 183 244 266 274 292 306 313 333 374 379 466 496 610 645 659 681 701 742 752 770 784 803 831 840 930 943 963 1002 1039 1069 1087 1092 1136 1163 1168 1182 1206 1228 1247 1250 1342 1359 1411 1425 1453 1470 1480 1484 1512 1516 1533 1537 1578 1654 1663 1680 1684 1698 1717 1720 1734 1741 1776 1821 1838 1854 1872 1901 1912 1937 1955 1962 1964 1968 1976 1994 2001 2015 2043 2059 2075 2085 2092 2102 2117 2155 2172 2179 2186 2192 2214 2223 2232 2250 2270 2278 
0 7 11 49 73 80 86 161 221 253 276 279 284 307 318 341 357 445 464 468 543 647 662 682 686 795 831 849 877 889 922 986 1000 1025 1078 1095 1104 1111 1115 1149 1168 1175 1181 1182 1192 1196 1213 1223 1236 1250 1292 1309 1324 1328 1348 1361 1381 1424 1444 1462 1471 1520 1525 1539 1549 1604 1624 1633 1642 1660 1676 1690 1710 1723 1738 1752 1772 1797 1813 1828 1832 1838 1840 1846 1856 1863 1880 1919 1931 1937 1938 1958 1975 1981 1995 1996 2012 2032 2033 2050 
0 17 79 94 101 132 197 256 494 563 592 608 615 663 678 760 782 785 789 977 1003 1040 1054 1064 1065 1074 1136 1164 1170 1174 1205 1217 1233 1263 1287 1298 1302 1328 1343 1363 1382 1398 1418 1425 1428 1435 1444 1457 1479 1492 1514 1521 1524 1526 1555 1581 1584 1600 1602 1613 1629 1640 1649 1686 1702 1732 1741 1742 1778 1797 1827 1845 1856 1860 1878 1882 1900 1907 1943 1954 1959 1975 1991 2001 2005 2025 2026 2031 2046 2061 2064 2081 2114 2131 2144 2154 2165 2179 2194 2198 
0 42 83 88 100 110 155 210 218 222 251 332 351 363 388 413 432 444 488 571 601 612 673 693 715 741 760 770 783 907 921 960 997 1025 1045 1088 1095 1166 1198 1328 1354 1368 1378 1411 1421 1427 1448 1464 1597 1615 1678 1739 1814 1829 1845 1861 1863 1864 1872 1892 1898 1908 1918 1947 1951 2000 2005 2020 2037 2038 2045 2049 2053 2057 2077 2080 2089 2108 2117 2132 2151 2165 2177 2205 2212 2214 2215 2225 2239 2256 2265 2279 2294 2301 2314 2317 2336 2348 2349 2356 
2 18 32 159 179 506 546 567 582 601 626 634 650 699 727 759 786 806 843 881 914 932 963 1007 1022 1028 1064 1234 1252 1290 1303 1320 1369 1406 1424 1447 1467 1471 1480 1505 1540 1552 1555 1588 1591 1609 1624 1644 1676 1702 1715 1719 1721 1727 1743 1760 1768 1786 1829 1838 1847 1857 1875 1884 1899 1906 1925 1948 1992 2004 2038 2051 2057 2064 2076 2096 2114 2132 2139 2144 2165 2177 2193 2211 2230 2249 2257 2261 2263 2264 2270 2288 2298 2336 2338 2339 2375 2380 2389 2407 
2 23 39 43 172 275 285 327 333 343 354 422 439 446 512 554 586 589 593 611 616 638 662 715 729 745 755 764 777 780 794 804 821 870 890 919 936 956 961 986 1095 1105 1120 1195 1225 1233 1301 1315 1336 1343 1377 1385 1391 1398 1424 1434 1446 1464 1476 1506 1519 1520 1535 1554 1570 1608 1638 1648 1660 1676 1694 1730 1746 1757 1769 1772 1822 1835 1841 1847 1859 1870 1889 1897 1902 1918 1932 1948 1952 1961 1973 1993 2004 2021 2032 2040 2060 2075 2085 2086 
20 35 95 112 118 183 201 211 231 245 250 280 294 362 443 468 480 495 498 517 532 564 572 583 625 691 703 720 752 796 889 906 1000 1020 1298 1357 1393 1410 1529 1542 1556 1592 1612 1615 1624 1643 1651 1666 1675 1684 1721 1727 1741 1795 1800 1827 1843 1855 1870 1881 1921 1940 1944 1953 1997 2015 2059 2070 2071 2088 2092 2110 2128 2135 2145 2151 2171 2185 2187 2202 2203 2221 2225 2229 2253 2267 2278 2289 2298 2308 2326 2335 2340 2344 2364 2365 2367 2375 2391 2396 
23 43 57 92 109 122 123 168 172 226 231 276 291 314 320 322 333 380 398 413 432 453 557 571 650 744 756 771 779 817 855 863 871 991 1084 1155 1377 1408 1433 1439 1458 1475 1492 1493 1516 1519 1529 1534 1546 1622 1642 1650 1663 1696 1697 1718 1735 1754 1759 1786 1807 1815 1832 1853 1862 1882 1917 2001 2007 2013 2024 2043 2048 2057 2070 2075 2091 2092 2104 2115 2128 2171 2187 2192 2196 2212 2225 2242 2252 2271 2274 2280 2288 2297 2311 2313 2323 2339 2347 2365 
0 154 165 189 203 212 251 323 333 347 591 634 750 769 876 920 942 948 1018 1038 1153 1180 1236 1260 1281 1282 1283 1404 1419 1561 1642 1662 1671 1673 1686 1691 1703 1720 1728 1743 1761 1796 1806 1816 1828 1840 1846 1866 1870 1889 1903 1912 1916 1925 1939 1940 1962 1971 1978 2002 2007 2023 2037 2052 2059 2070 2071 2084 2094 2132 2151 2170 2186 2200 2206 2220 2226 2238 2243 2246 2262 2311 2331 2342 2347 2351 2357 2371 2372 2387 2392 2412 2426 2440 2450 2467 2470 2489 2497 2517 
7 26 84 137 157 172 176 264 273 292 318 323 354 398 416 451 469 479 529 557 578 607 634 676 693 713 721 746 766 812 832 841 847 853 870 907 921 941 1036 1055 1064 1099 1167 1183 1191 1193 1215 1220 1234 1248 1259 1292 1295 1344 1435 1449 1476 1488 1507 1544 1557 1585 1652 1660 1672 1691 1714 1731 1748 1760 1777 1791 1804 1805 1817 1837 1848 1860 1867 1921 1940 1942 1964 1981 1987 1993 2017 2018 2022 2038 2053 2067 2074 2088 2098 2099 2112 2120 2135 2139 
44 66 135 216 230 249 339 357 389 404 450 466 475 481 505 510 517 521 540 565 606 638 647 681 695 713 716 772 792 858 890 918 935 1004 1020 1023 1053 1109 1175 1198 1201 1206 1280 1323 1334 1387 1410 1415 1425 1450 1580 1592 1603 1616 1630 1633 1646 1685 1724 1733 1734 1748 1767 1838 1852 1868 1883 1893 1911 1927 1937 1940 1957 1961 1967 1968 1975 1989 2008 2015 2030 2053 2057 2077 2093 2100 2106 2118 2129 2139 2157 2160 2179 2187 2192 2209 2217 2233 2251 2255 
1 53 64 87 106 235 254 298 367 395 418 433 463 476 674 694 698 716 720 735 740 862 881 951 963 979 993 1110 1130 1156 1164 1189 1276 1295 1302 1326 1336 1386 1402 1436 1442 1453 1465 1468 1472 1478 1487 1526 1546 1562 1571 1589 1594 1597 1624 1629 1656 1675 1700 1731 1736 1788 1806 1903 1937 1942 1943 1954 1978 1979 2004 2073 2092 2097 2098 2104 2111 2123 2124 2149 2166 2186 2201 2220 2236 2254 2261 2277 2291 2305 2306 2309 2310 2322 2323 2327 2335 2338 2349 2362 
20 35 61 76 82 126 166 192 205 232 301 485 499 517 561 580 587 602 620 640 643 693 816 997 1066 1095 1179 1196 1202 1206 1221 1247 1256 1261 1286 1309 1319 1398 1408 1448 1505 1514 1518 1534 1594 1612 1700 1715 1724 1736 1740 1751 1756 1779 1798 1815 1819 1858 1866 1875 1877 1880 1889 1898 1917 1919 1933 1945 1950 2012 2029 2049 2059 2073 2075 2107 2120 2129 2145 2146 2148 2157 2176 2191 2194 2200 2220 2221 2231 2241 2259 2276 2289 2306 2316 2318 2324 2326 2341 2349 
0 16 18 58 80 97 103 146 178 223 232 264 283 291 313 335 426 444 459 476 481 550 570 584 677 685 698 705 723 773 788 848 866 882 887 904 915 960 975 993 1079 1110 1160 1247 1261 1282 1301 1325 1327 1329 1355 1374 1391 1398 1506 1525 1551 1563 1574 1595 1613 1620 1626 1656 1677 1678 1683 1702 1713 1724 1744 1758 1768 1794 1866 1917 1926 1959 2010 2028 2030 2042 2045 2050 2066 2081 2087 2098 2112 2124 2132 2134 2140 2158 2164 2184 2199 2202 2214 2230 
36 61 67 98 101 105 116 119 179 198 224 242 264 271 283 293 337 363 421 476 490 499 510 619 629 652 656 659 672 676 696 705 711 720 760 837 842 892 913 926 928 943 955 977 1000 1019 1103 1119 1139 1140 1146 1181 1189 1198 1202 1220 1243 1250 1251 1265 1268 1280 1309 1319 1327 1346 1374 1385 1429 1445 1455 1466 1500 1520 1542 1572 1612 1626 1638 1660 1666 1696 1867 1884 1898 1912 1950 1960 1970 1975 1980 1991 2021 2034 2043 2058 2069 2078 2098 2099 
8 24 64 106 127 136 162 295 326 343 347 499 515 553 588 589 616 653 672 693 704 726 764 770 791 829 863 1011 1090 1252 1287 1297 1307 1421 1484 1505 1518 1557 1570 1579 1587 1645 1661 1681 1689 1698 1742 1860 1879 1887 1891 1938 1949 2028 2037 2051 2068 2079 2103 2123 2124 2125 2160 2177 2191 2193 2199 2203 2208 2209 2210 2212 2220 2240 2262 2270 2277 2291 2309 2339 2356 2359 2379 2384 2401 2410 2413 2421 2439 2444 2452 2454 2461 2469 2482 2497 2516 2523 2526 2546 
0 20 350 574 687 740 746 769 910 926 945 1014 1050 1065 1072 1185 1240 1272 1283 1289 1341 1374 1388 1419 1446 1456 1476 1509 1520 1537 1597 1612 1615 1625 1653 1658 1659 1667 1682 1731 1732 1735 1753 1781 1788 1797 1810 1840 1856 1867 1885 1894 1923 1937 1940 1971 1981 1994 2009 2043 2059 2071 2079 2086 2093 2097 2112 2115 2130 2148 2153 2171 2177 2185 2190 2194 2197 2198 2199 2213 2231 2246 2259 2275 2295 2298 2309 2328 2342 2351 2362 2368 2373 2389 2400 2401 2406 2419 2423 2434 
0 36 56 137 204 227 274 377 401 425 455 468 487 516 568 570 588 620 657 666 684 771 796 835 875 1085 1104 1124 1327 1374 1388 1400 1409 1418 1562 1584 1604 1642 1697 1712 1728 1746 1813 1832 1854 1868 1893 1960 1978 1981 2012 2037 2053 2064 2098 2107 2120 2135 2137 2151 2160 2168 2178 2186 2191 2210 2212 2242 2262 2274 2278 2297 2306 2319 2329 2338 2341 2352 2362 2368 2373 2382 2398 2413 2432 2436 2445 2450 2459 2475 2495 2497 2507 2525 2541 2555 2564 2576 2586 2591 
0 54 464 611 633 648 668 756 916 952 974 1022 1035 1163 1182 1220 1251 1289 1300 1370 1388 1393 1422 1440 1459 1471 1479 1496 1505 1541 1550 1555 1626 1646 1660 1665 1692 1700 1701 1730 1740 1757 1766 1776 1803 1833 1851 1852 1858 1889 1905 1907 1916 1940 1971 2007 2023 2040 2057 2077 2079 2111 2171 2191 2206 2214 2262 2282 2290 2294 2303 2310 2330 2333 2338 2355 2363 2379 2391 2394 2406 2413 2431 2439 2442 2449 2468 2479 2497 2504 2510 2516 2519 2534 2540 2543 2555 2556 2562 2573 
63 75 114 244 295 322 350 387 434 449 460 463 474 519 541 660 665 673 800 877 1008 1036 1049 1092 1125 1165 1226 1235 1304 1323 1369 1374 1382 1389 1391 1443 1489 1523 1541 1544 1592 1601 1633 1663 1668 1675 1736 1777 1792 1803 1856 1870 1881 1940 1950 1956 1971 1981 1996 2012 2024 2032 2035 2055 2070 2106 2120 2130 2148 2179 2254 2272 2275 2277 2286 2291 2309 2320 2322 2330 2335 2345 2360 2380 2396 2412 2419 2427 2447 2451 2461 2479 2487 2502 2516 2521 2528 2529 2546 2562 
0 46 189 204 207 214 266 281 333 351 370 406 422 479 515 518 552 586 602 605 633 651 654 905 996 1026 1037 1057 1097 1111 1127 1236 1253 1272 1302 1322 1378 1394 1405 1424 1433 1435 1555 1617 1624 1626 1628 1660 1666 1686 1703 1724 1757 1776 1779 1843 1858 1865 1870 1872 1891 1905 1909 1912 1927 1931 1944 1949 1964 1968 1988 2008 2017 2038 2053 2079 2092 2097 2114 2125 2199 2212 2224 2230 2233 2253 2258 2272 2280 2289 2305 2308 2310 2327 2340 2356 2366 2369 2385 2403 
0 34 67 101 121 175 190 352 414 420 478 497 500 532 626 645 673 682 693 718 728 729 842 874 883 961 1033 1047 1083 1124 1129 1132 1137 1150 1162 1177 1185 1200 1254 1277 1290 1440 1467 1469 1516 1533 1545 1562 1576 1587 1730 1760 1797 1834 1853 1870 1879 1889 1931 1968 1986 2032 2077 2093 2106 2109 2120 2132 2143 2159 2162 2175 2177 2185 2207 2224 2242 2272 2294 2305 2321 2324 2333 2350 2353 2364 2365 2392 2402 2408 2415 2426 2436 2456 2474 2487 2499 2510 2534 2537 
0 71 90 107 183 264 284 302 399 422 469 482 490 493 506 515 706 723 809 903 918 943 970 1066 1079 1097 1110 1117 1191 1268 1282 1332 1475 1487 1499 1500 1516 1535 1554 1617 1643 1645 1657 1669 1676 1692 1708 1726 1728 1733 1757 1770 1779 1801 1812 1857 1878 1880 1900 1915 1933 1939 1943 1964 1966 1975 1994 2027 2035 2070 2093 2111 2129 2149 2151 2161 2191 2200 2223 2243 2245 2262 2264 2290 2309 2340 2359 2373 2391 2392 2403 2417 2425 2429 2441 2451 2454 2468 2482 2487 
31 56 112 134 145 165 185 212 259 283 296 299 306 329 390 406 533 540 543 578 593 606 616 635 765 778 847 862 918 993 1012 1240 1260 1266 1297 1425 1441 1444 1460 1475 1482 1521 1565 1673 1712 1724 1759 1780 1789 1820 1831 1919 1954 1960 1996 2013 2042 2062 2066 2084 2093 2109 2171 2186 2197 2203 2211 2253 2264 2274 2275 2295 2310 2318 2321 2329 2332 2334 2340 2346 2350 2369 2379 2386 2408 2421 2424 2428 2429 2435 2449 2468 2474 2476 2489 2505 2516 2518 2532 2547 
0 26 34 54 70 73 77 97 105 141 153 155 169 197 254 299 343 376 377 385 415 440 594 615 647 664 735 753 807 816 868 955 978 983 1016 1070 1094 1101 1175 1199 1219 1223 1262 1292 1302 1328 1412 1458 1475 1483 1528 1534 1563 1564 1590 1628 1682 1731 1758 1800 1829 1847 1873 1955 1970 1980 2003 2039 2058 2081 2093 2102 2108 2115 2129 2139 2150 2177 2190 2199 2202 2209 2252 2265 2277 2291 2314 2318 2326 2341 2347 2359 2379 2394 2398 2408 2421 2426 2439 2447 
10 53 119 181 229 247 358 478 588 616 624 630 653 712 753 780 829 892 1081 1104 1186 1227 1239 1245 1259 1277 1304 1365 1394 1400 1455 1517 1533 1549 1567 1576 1588 1679 1698 1725 1750 1769 1811 1842 1851 1853 1863 1867 1898 1905 1935 1951 1976 1987 1991 2008 2015 2058 2071 2088 2110 2125 2144 2160 2163 2168 2171 2190 2195 2208 2225 2241 2256 2303 2332 2362 2378 2391 2421 2439 2448 2449 2452 2466 2485 2493 2500 2516 2524 2528 2539 2540 2557 2566 2585 2588 2600 2619 2635 2650 
35 53 85 100 144 166 180 192 219 234 278 322 348 357 420 500 537 552 651 784 870 889 909 963 994 1016 1096 1124 1150 1170 1179 1184 1205 1210 1213 1242 1258 1282 1296 1303 1323 1343 1356 1359 1374 1381 1450 1509 1524 1528 1628 1660 1668 1700 1718 1734 1785 1787 1822 1825 1834 1844 1856 1952 1968 1987 2018 2033 2052 2060 2121 2135 2147 2161 2164 2174 2190 2202 2214 2249 2269 2301 2323 2332 2335 2350 2426 2439 2470 2487 2505 2507 2515 2530 2534 2539 2546 2552 2566 2576 
40 47 78 88 96 126 138 162 166 171 197 319 338 369 387 412 429 671 684 697 741 819 836 889 934 1006 1088 1090 1105 1260 1275 1290 1306 1341 1370 1384 1455 1487 1507 1546 1561 1563 1575 1641 1643 1674 1740 1760 1770 1774 1776 1781 1792 1795 1825 1884 1899 1910 1920 1932 1946 1956 1963 2074 2091 2107 2127 2135 2147 2186 2198 2265 2283 2309 2320 2330 2343 2349 2369 2382 2392 2412 2435 2442 2447 2459 2473 2492 2496 2503 2510 2537 2564 2566 2574 2576 2587 2598 2617 2621 
110 219 316 332 413 446 478 494 510 521 558 753 879 898 1037 1051 1070 1110 1119 1184 1266 1288 1292 1303 1309 1332 1369 1419 1519 1531 1537 1557 1590 1597 1632 1648 1658 1678 1823 1843 1872 1882 1895 1906 1923 1935 1952 2091 2110 2135 2151 2154 2160 2165 2171 2176 2212 2228 2242 2305 2322 2330 2360 2394 2414 2428 2431 2447 2458 2468 2480 2484 2499 2515 2534 2535 2546 2564 2567 2579 2595 2604 2617 2631 2632 2644 2663 2681 2690 2701 2715 2733 2740 2752 2759 2767 2773 2785 2789 2795 
0 26 116 133 152 446 490 534 579 656 665 964 1110 1144 1200 1407 1417 1436 1451 1473 1482 1495 1518 1641 1710 1741 1759 1766 1861 1903 1922 1936 1945 1962 1976 1987 2010 2030 2035 2053 2079 2110 2115 2145 2156 2172 2196 2205 2209 2232 2269 2272 2286 2292 2302 2319 2327 2354 2366 2374 2394 2411 2422 2436 2444 2454 2456 2483 2555 2571 2572 2573 2591 2600 2605 2622 2636 2639 2645 2650 2652 2668 2671 2673 2677 2691 2711 2721 2729 2736 2742 2757 2761 2771 2788 2805 2821 2823 2824 2837 
0 36 51 69 71 278 312 357 404 433 453 457 470 531 566 625 778 789 980 1057 1111 1131 1136 1149 1168 1187 1194 1251 1264 1268 1275 1279 1294 1302 1315 1353 1403 1420 1445 1475 1490 1494 1506 1508 1511 1520 1527 1534 1562 1578 1600 1641 1660 1668 1685 1701 1751 1802 1884 1917 1933 1958 1976 1992 2005 2022 2030 2069 2085 2097 2128 2144 2160 2175 2179 2183 2189 2212 2224 2240 2277 2295 2313 2341 2354 2356 2373 2386 2397 2411 2417 2436 2446 2450 2463 2467 2480 2490 2492 2497 
0 70 167 177 191 193 207 222 273 275 289 333 369 379 383 399 441 468 487 570 590 752 769 807 847 864 918 971 1053 1064 1100 1150 1242 1252 1263 1264 1301 1314 1325 1330 1348 1360 1408 1472 1490 1570 1583 1584 1588 1615 1629 1635 1637 1642 1662 1676 1691 1706 1719 1734 1774 1810 1814 1828 1838 1891 1910 1923 1943 1962 1987 1988 1989 1992 2009 2015 2030 2035 2038 2053 2070 2081 2085 2094 2098 2106 2111 2151 2206 2222 2234 2239 2249 2254 2260 2275 2278 2283 2300 2312 
7 26 35 59 94 137 272 287 328 363 376 394 483 495 510 530 548 558 634 646 724 738 799 803 836 853 905 936 1055 1191 1264 1284 1327 1340 1412 1435 1441 1533 1540 1551 1575 1589 1598 1599 1613 1616 1626 1635 1690 1772 1806 1852 1865 1880 1885 1900 1907 1976 2004 2006 2011 2135 2147 2165 2212 2226 2235 2321 2341 2355 2372 2389 2402 2405 2419 2424 2442 2462 2468 2481 2490 2496 2514 2524 2543 2552 2573 2590 2617 2633 2647 2663 2682 2700 2718 2719 2726 2744 2747 2750 
39 103 146 176 185 186 243 348 354 400 419 471 482 486 509 548 566 577 629 826 845 852 876 887 982 1002 1007 1026 1062 1229 1251 1253 1455 1495 1513 1666 1684 1701 1750 1780 1783 1802 1877 1894 1911 1935 1957 1969 1988 2003 2013 2020 2050 2089 2131 2156 2175 2180 2189 2210 2213 2223 2238 2240 2251 2255 2258 2327 2391 2444 2460 2475 2484 2485 2488 2492 2501 2510 2519 2532 2539 2542 2549 2567 2582 2596 2597 2600 2618 2623 2637 2639 2659 2668 2682 2701 2702 2705 2724 2728 
19 25 53 61 201 209 220 222 293 380 404 439 494 509 530 575 578 602 623 640 720 737 758 805 836 851 866 920 934 947 965 981 1037 1078 1377 1397 1433 1468 1479 1487 1501 1648 1670 1746 1758 1821 1840 1846 1869 1873 2012 2041 2059 2069 2200 2233 2248 2254 2278 2296 2300 2308 2327 2333 2336 2347 2357 2360 2385 2395 2401 2444 2468 2470 2472 2489 2505 2520 2534 2538 2571 2584 2603 2616 2619 2629 2636 2649 2651 2652 2671 2682 2700 2708 2721 2734 2742 2751 2766 2772 
55 164 186 193 369 400 516 551 559 651 662 681 730 749 794 860 876 907 975 995 1468 1485 1488 1507 1582 1659 1668 1700 1719 1760 1816 1835 1841 1854 1940 1950 1969 1979 1998 1999 2015 2030 2035 2060 2097 2186 2206 2221 2227 2261 2266 2268 2276 2322 2336 2340 2359 2379 2386 2398 2468 2497 2514 2528 2536 2539 2559 2576 2580 2585 2623 2665 2676 2689 2703 2712 2722 2737 2738 2741 2747 2766 2776 2794 2799 2805 2822 2834 2847 2864 2879 2886 2889 2907 2924 2925 2939 2959 2973 2975 
0 5 52 101 172 181 186 239 277 296 307 335 397 427 521 534 553 801 855 867 884 900 931 951 966 1019 1044 1128 1293 1308 1317 1413 1442 1546 1564 1720 1767 1785 1791 1834 1840 1852 1859 1879 1914 1952 2053 2148 2168 2176 2180 2183 2187 2193 2200 2231 2270 2286 2289 2309 2315 2335 2343 2361 2371 2374 2375 2383 2403 2408 2409 2410 2428 2448 2460 2479 2485 2493 2505 2555 2563 2573 2585 2592 2594 2612 2618 2633 2650 2664 2665 2676 2690 2704 2733 2741 2750 2766 2794 2814 
