1231
0 26 20 52 79 68 126 121 103 117 131 142 178 167 201 226 264 215 229 290 225 281 312 291 306 288 275 307 287 318 341 386 377 376 521 435 430 425 578 496 527 516 529 475 526 496 541 513 537 525 526 597 613 651 612 710 693 695 684 646 822 666 768 716 694 837 710 801 779 823 785 905 793 817 810 819 898 906 874 882 1006 867 874 982 942 895 1064 975 1088 959 968 1024 1009 1022 1072 1083 1072 1061 1100 1222 
0 3 10 24 72 56 50 72 60 69 57 66 65 101 83 152 181 152 129 178 246 247 168 205 235 244 395 318 275 301 319 306 451 308 393 410 348 402 446 414 435 416 407 409 477 491 467 514 475 530 504 488 600 575 576 606 635 633 595 596 579 690 705 629 678 698 732 722 736 774 734 758 803 744 742 811 817 833 808 852 816 835 917 849 859 1020 999 904 925 1004 1010 980 992 999 994 1094 1051 1051 1016 1051 
0 6 29 38 51 71 79 69 131 198 125 123 229 299 176 209 228 312 240 315 244 268 331 293 302 310 371 323 351 449 344 393 424 433 434 463 512 558 497 562 488 505 602 508 677 615 588 605 657 672 648 716 788 700 752 688 691 677 743 732 848 764 830 828 774 817 912 818 837 838 827 890 882 851 951 1002 987 947 995 959 1061 963 923 961 1060 1002 1018 1053 1115 1055 1113 1118 1075 1131 1094 1049 1068 1106 1131 1194 
0 11 47 46 54 69 56 70 88 99 164 146 149 155 211 176 335 218 270 241 240 233 243 376 268 284 293 306 376 405 392 413 373 407 392 509 395 536 474 444 528 457 494 507 606 560 552 531 680 634 612 663 587 640 698 761 791 795 661 748 798 780 760 788 739 794 866 811 777 831 887 879 880 901 879 855 995 938 948 894 920 946 971 1039 993 1093 1027 1116 1078 1166 1085 1070 1068 1129 1078 1179 1113 1126 1133 1207 
0 30 13 37 42 56 48 79 100 105 161 142 193 142 159 184 182 175 229 201 216 236 422 240 244 255 303 305 352 333 350 335 396 347 364 459 533 502 407 442 413 458 435 485 554 489 472 521 536 523 557 626 574 567 666 623 732 610 617 745 644 651 709 673 716 755 683 811 749 674 704 738 707 812 802 736 802 780 769 790 841 820 805 901 935 925 896 970 931 962 908 889 971 935 920 966 903 907 1027 1024 
0 14 18 17 39 65 74 102 75 75 116 115 177 167 130 165 190 215 157 191 207 280 221 238 319 225 240 348 268 263 383 306 316 309 346 350 341 498 423 406 394 403 495 419 475 437 430 498 554 558 487 461 478 493 498 643 510 672 555 602 617 600 603 646 843 712 640 753 692 755 693 827 809 862 739 757 816 754 812 839 806 897 890 802 837 892 871 863 857 869 943 884 891 890 894 985 982 1016 987 951 
0 25 83 50 74 56 109 97 108 98 137 148 178 154 187 190 216 192 215 205 275 287 328 259 257 327 282 276 294 354 307 486 418 403 366 403 380 465 400 461 411 418 428 552 511 693 511 535 582 488 611 639 605 584 554 626 680 639 708 625 727 663 706 651 746 722 750 767 714 762 754 742 753 847 801 892 794 902 894 876 979 962 859 937 891 899 978 968 977 1000 994 1103 1031 1097 1033 1014 1099 1013 1009 1059 
0 11 33 75 78 79 52 67 84 101 116 105 101 197 187 167 165 186 234 225 278 219 224 283 308 248 318 285 382 319 353 375 392 368 371 450 416 380 400 442 466 536 532 534 496 515 625 527 558 660 618 671 644 630 687 723 774 706 688 833 690 747 769 763 830 789 753 834 827 907 807 827 968 869 879 851 866 987 917 895 993 930 961 1020 985 1031 1022 1071 1084 1035 1114 1082 1086 1184 1164 1090 1132 1084 1207 1166 
0 22 19 81 76 39 66 51 82 98 118 96 157 137 121 143 159 156 220 201 190 274 283 264 289 286 298 277 286 391 342 355 489 396 411 377 404 411 392 484 434 570 433 469 515 580 516 503 562 598 555 637 635 545 567 628 625 587 662 610 660 664 650 695 719 831 766 761 856 739 810 787 767 903 786 836 847 968 861 861 1033 967 950 1044 988 1017 1035 1048 957 989 971 1048 1085 1038 1120 1039 1108 1088 1061 1076 
0 27 38 42 54 73 68 102 111 89 131 123 136 142 227 151 195 162 220 181 193 222 328 217 406 255 343 329 372 293 335 349 361 392 426 503 412 362 379 462 460 440 438 420 459 519 420 425 431 491 462 481 539 565 512 571 591 546 621 648 594 626 596 709 704 639 732 662 775 720 690 749 810 698 716 840 777 854 873 894 796 928 847 974 840 981 1064 904 946 967 957 974 1028 987 1078 1029 1008 1057 1086 1103 
0 1 35 13 53 43 49 95 68 92 109 95 109 122 182 168 182 254 177 238 192 225 305 252 321 334 272 311 275 276 375 321 394 342 406 373 374 369 555 524 412 464 457 450 497 463 505 550 481 527 581 588 517 573 667 570 629 632 678 687 645 639 668 644 633 735 712 723 711 751 726 754 812 794 750 871 747 929 929 821 901 859 883 952 993 925 1036 1007 940 940 961 982 1043 1089 990 1034 1058 1096 1098 1119 
0 23 25 42 95 82 106 178 116 153 149 182 241 177 184 267 380 209 212 267 271 260 289 346 394 439 424 408 344 400 386 395 501 464 482 458 447 485 581 513 482 554 576 604 499 627 660 594 652 586 608 708 605 667 662 703 643 727 786 836 718 751 822 826 872 814 841 851 801 899 839 909 925 899 907 882 898 948 1034 915 985 958 943 1020 1055 1003 1019 1009 1010 1065 1003 1004 1060 1076 1093 1034 1073 1158 1052 1101 
9 24 37 37 54 53 47 85 67 59 85 88 117 93 136 143 172 131 161 209 188 189 196 197 322 249 233 243 311 380 373 316 334 312 362 337 389 502 449 494 486 418 520 454 467 503 527 467 534 516 578 521 549 583 695 689 640 682 685 720 733 749 741 801 742 839 737 787 894 947 784 781 809 876 880 850 865 930 862 902 912 1005 911 987 1049 1035 967 1031 1003 1002 977 1083 1073 1024 1033 1096 1104 1174 1034 1036 
0 21 69 52 86 95 124 139 179 170 212 209 213 269 161 203 234 273 278 237 269 280 379 285 287 343 291 335 353 376 349 473 346 448 379 413 488 399 463 456 547 484 531 587 543 592 574 562 538 642 604 705 675 646 629 758 749 721 677 757 814 742 862 730 775 765 795 826 902 810 859 814 833 937 837 908 880 943 896 922 938 955 1057 960 1006 1072 1123 1051 1057 1065 1062 1130 1051 1132 1064 1092 1101 1095 1093 1095 
0 23 71 50 63 82 73 70 118 85 97 163 158 171 164 196 212 211 251 299 192 201 217 222 224 280 236 300 285 325 281 357 321 340 377 366 366 435 430 450 585 433 508 512 458 459 491 485 474 558 592 564 536 617 667 544 628 690 656 715 691 655 620 714 704 686 708 707 692 709 721 687 707 833 773 791 806 798 814 815 901 854 957 942 933 958 926 933 978 952 1010 1076 1109 1086 1046 1092 1116 1128 1159 1132 
0 16 22 54 108 82 80 149 115 118 166 152 133 185 216 199 227 213 309 220 271 243 287 275 270 340 292 347 424 327 347 330 377 443 565 439 449 458 527 442 460 476 567 546 557 665 531 683 597 602 629 587 649 684 685 801 647 680 744 751 735 774 725 739 862 755 839 789 864 912 843 782 816 862 947 908 925 940 862 902 973 945 1059 906 938 1011 958 1014 1068 1051 1131 1104 1099 1068 1078 1112 1079 1074 1075 1084 
4 42 34 36 51 70 70 91 90 87 223 119 148 155 160 181 168 215 262 275 257 245 252 251 311 379 417 314 321 392 432 405 492 435 446 461 455 478 465 546 467 546 528 522 608 587 518 610 554 576 616 674 596 677 635 763 691 759 772 731 665 776 732 716 732 783 756 923 826 813 909 829 954 911 830 882 892 910 870 907 1043 905 981 1004 1058 1001 1112 1042 1009 1044 1113 1070 1173 1108 1050 1048 1138 1072 1118 1136 
0 16 39 87 57 67 62 84 74 120 89 107 155 135 164 162 198 191 200 236 260 306 291 302 300 402 309 387 310 337 362 335 366 365 388 454 390 386 434 486 447 472 512 494 471 555 561 716 591 534 588 612 591 614 667 662 720 640 649 648 696 727 706 849 703 785 783 715 802 778 774 754 771 793 881 846 772 899 930 897 843 851 881 862 861 923 974 970 867 893 992 963 1018 942 944 967 972 1067 982 980 
0 7 26 13 23 34 116 94 99 95 94 103 111 136 179 163 189 208 230 211 215 267 241 222 316 325 285 315 352 368 327 427 336 441 406 406 392 422 516 501 432 593 613 469 576 551 546 621 624 527 586 621 560 594 627 707 608 591 607 613 700 810 677 731 749 753 691 725 795 831 781 814 783 841 957 947 951 924 914 952 946 1050 986 1047 1022 961 1003 1023 1066 1030 1125 1132 1124 1045 1105 1085 1087 1128 1132 1140 
0 9 31 64 38 74 89 83 117 93 94 112 154 155 186 207 167 240 218 193 216 221 234 255 256 253 376 354 323 474 328 444 347 403 386 350 350 505 432 405 444 501 432 524 417 419 438 477 442 508 513 580 620 535 578 617 583 593 567 574 625 696 631 664 646 684 635 654 660 628 829 740 760 742 768 815 809 708 708 853 749 826 879 887 785 971 912 877 844 875 931 932 888 989 930 960 1013 954 1071 1103 
0 12 30 17 97 48 57 55 54 66 103 101 115 112 137 136 177 231 180 254 216 303 234 248 308 304 278 301 308 306 309 355 387 389 400 400 392 422 416 408 460 526 447 446 549 501 554 529 537 573 639 644 627 693 722 604 657 631 614 616 651 714 634 655 662 768 694 733 685 797 718 762 796 718 823 853 875 889 874 813 801 928 833 940 997 936 1049 953 939 924 1120 990 1046 1041 995 1051 1141 1111 1068 1138 
0 5 30 47 36 66 106 99 85 128 191 136 140 131 156 237 152 191 201 172 205 220 200 251 333 261 268 271 240 256 279 421 336 463 362 394 336 366 375 378 396 517 417 458 414 420 475 426 461 512 538 491 527 552 498 548 525 583 666 658 639 630 647 717 746 677 686 718 736 791 817 863 781 748 793 830 872 790 977 954 822 846 868 871 990 980 987 974 952 992 990 1059 1071 1047 1015 1037 1017 1008 1037 1125 
26 47 39 36 105 77 69 58 65 106 84 92 124 153 157 156 190 210 235 180 191 309 251 389 287 258 282 353 286 297 328 387 433 561 510 367 400 388 424 432 558 578 447 540 575 586 532 509 503 525 588 530 571 615 573 650 646 628 624 628 663 682 782 672 743 718 904 819 710 747 764 860 778 873 816 909 869 826 912 942 880 949 964 973 902 933 935 912 995 926 964 1077 1044 979 1076 1095 1083 1160 1090 1062 
0 19 35 47 28 77 77 59 78 203 116 149 140 234 148 246 239 232 303 262 346 264 248 344 270 282 388 435 324 418 352 373 462 428 445 429 464 455 464 536 582 535 604 511 515 600 603 624 545 612 596 588 701 623 648 694 684 656 674 665 794 683 757 750 852 805 771 946 801 770 771 812 911 951 918 900 907 859 864 909 865 906 953 965 914 1005 961 977 988 1005 1116 1153 1068 1000 1037 1124 1056 1158 1058 1137 
0 11 49 59 80 38 54 46 54 69 92 121 126 120 134 181 143 188 161 314 167 301 188 199 278 276 261 321 347 271 304 464 328 409 371 456 350 345 362 444 402 456 407 413 553 555 672 425 511 553 522 511 548 608 566 552 564 585 613 674 667 684 721 709 661 671 793 665 841 765 739 741 732 837 814 832 770 864 930 888 829 799 868 854 923 911 872 869 881 997 913 970 1075 1023 1135 1021 1003 981 1024 1013 
17 40 53 53 55 72 86 84 140 132 174 142 174 200 181 215 226 211 287 279 278 269 412 299 371 363 342 352 365 371 333 383 372 466 398 408 517 494 456 480 429 492 606 465 544 589 494 558 522 651 617 613 638 679 618 697 735 650 707 659 618 674 705 673 697 712 784 725 690 717 762 744 750 875 775 796 932 804 825 885 858 961 937 868 930 1023 930 888 941 1014 956 992 1024 984 1014 1090 1010 1043 1060 1071 
0 8 18 36 45 71 71 75 137 126 107 137 123 244 159 223 209 283 256 258 250 309 283 340 367 350 300 378 352 406 352 451 406 393 427 500 414 518 438 455 525 499 605 555 580 728 612 616 640 593 639 624 763 639 668 638 731 732 738 751 723 702 786 810 898 818 854 765 828 765 768 816 831 919 942 896 904 906 868 983 956 1006 888 936 910 924 945 1081 1008 1109 1075 1024 1040 1013 1130 1041 1170 1067 1097 1068 
15 20 59 64 65 82 83 83 91 101 121 124 127 232 181 198 189 175 179 247 253 223 332 285 278 308 322 296 347 326 413 491 428 355 436 485 416 404 393 479 512 471 459 474 571 599 593 505 587 620 598 588 538 564 558 610 674 713 625 677 637 632 815 622 709 701 756 678 768 689 695 780 733 722 743 734 853 867 888 774 777 860 861 861 977 846 904 850 867 1009 1015 1057 1001 917 1049 1032 1000 995 967 1047 
0 17 16 42 31 49 47 78 103 132 127 112 130 186 170 200 167 205 210 230 219 231 285 274 262 373 268 275 355 426 305 487 400 385 364 377 362 441 439 400 518 425 456 479 449 572 516 572 479 515 497 623 575 593 548 639 618 630 678 683 676 803 652 775 740 668 752 768 842 738 757 828 789 782 847 754 856 786 829 890 867 979 868 859 909 1009 886 1011 932 987 996 991 1074 969 1017 1083 1035 994 1085 1144 
0 20 7 21 16 29 36 38 65 56 64 81 100 157 243 133 162 134 148 214 232 237 234 193 219 315 248 269 295 325 341 305 326 365 422 504 373 417 398 436 458 430 494 535 496 533 606 617 547 633 591 550 646 614 636 582 722 636 709 764 698 752 726 700 751 705 840 850 738 828 840 857 950 937 952 851 880 968 871 855 895 867 1005 1042 951 1053 956 1103 995 1030 969 1021 1049 1082 1091 1072 1042 1082 1076 1115 
0 12 16 24 46 67 68 97 124 200 144 120 142 188 226 188 187 196 233 260 261 230 259 275 342 292 292 293 319 316 396 434 383 390 433 428 419 418 654 504 512 457 504 519 512 566 567 527 670 630 723 658 585 585 640 643 754 671 642 760 688 770 806 791 857 825 765 816 839 861 876 813 861 915 894 894 1011 924 897 1006 991 1065 1042 953 1054 968 993 966 1010 989 1070 1061 1117 1023 1150 1076 1117 1079 1076 1094 
0 23 51 87 53 85 100 132 145 148 157 157 178 189 175 237 241 217 268 256 298 308 357 385 398 314 353 480 332 411 357 428 379 421 435 513 433 498 475 631 499 607 515 546 537 522 537 684 641 598 712 573 631 602 670 669 769 655 695 689 754 755 702 753 714 806 879 845 755 844 815 800 926 905 948 882 937 959 925 994 917 977 1027 999 974 979 1003 1008 1050 1020 1132 1054 1092 1115 1024 1104 1049 1182 1186 1197 
4 35 38 46 48 78 70 108 149 145 99 129 153 142 189 191 198 246 231 222 255 268 274 285 281 338 358 306 335 510 492 415 411 418 482 483 537 459 446 444 493 606 544 563 530 626 555 625 586 608 692 608 684 606 657 621 677 653 662 763 666 665 761 778 758 790 802 818 863 798 804 898 886 954 957 987 926 857 1001 877 1003 895 1024 953 986 1004 1057 1060 1128 1014 1106 1080 1062 1092 1092 1125 1121 1072 1075 1106 
8 11 30 32 34 33 54 74 77 92 132 152 126 147 139 155 192 197 184 201 209 225 264 275 301 355 338 290 340 342 495 347 493 376 392 372 413 609 400 446 467 408 469 478 536 469 487 497 528 496 538 520 655 637 544 588 667 672 611 707 618 717 704 712 648 700 823 777 725 838 747 755 827 848 854 951 829 898 885 866 915 930 1003 878 975 1046 963 1020 959 983 956 1092 1020 997 1039 1136 1062 1018 1074 1119 
16 46 36 76 73 63 103 97 117 174 149 226 152 190 165 181 323 206 257 226 255 273 318 306 363 308 329 325 347 347 326 382 356 358 366 554 399 575 538 428 469 444 487 518 493 518 510 548 545 540 626 589 578 599 610 682 682 627 655 627 660 707 858 712 794 697 732 836 913 808 849 840 949 830 844 858 819 867 895 966 908 867 925 985 946 963 943 1072 1064 975 1118 997 1027 1058 1077 1079 1143 1123 1090 1148 
0 27 41 42 53 59 99 67 111 98 143 140 159 168 167 173 174 207 211 248 243 242 263 366 294 368 314 308 382 303 354 325 395 433 350 359 409 387 457 395 411 429 522 436 505 506 543 507 445 465 513 545 518 515 668 568 554 644 595 725 631 689 710 754 651 720 880 682 735 690 691 870 856 858 794 783 854 782 820 890 898 918 849 890 924 1040 1021 965 912 898 973 965 1045 1013 998 1013 1008 997 1042 1018 
0 19 19 34 89 88 116 102 161 218 251 163 180 170 205 188 229 223 219 251 277 326 256 332 383 335 480 347 348 385 371 353 452 413 424 399 470 447 538 469 475 512 512 536 635 537 521 569 557 573 566 670 687 616 673 695 671 674 769 884 720 820 726 804 776 891 883 803 883 922 832 917 974 891 869 898 934 976 1058 989 1068 1096 1101 1036 1164 1016 1072 1167 1176 1135 1096 1094 1108 1159 1107 1201 1154 1136 1160 1151 
0 24 3 12 29 57 64 97 175 123 220 118 145 184 199 162 207 197 231 276 294 345 226 296 275 258 259 284 277 349 341 362 384 386 376 415 384 421 430 385 423 430 526 450 434 465 553 572 493 495 625 599 555 542 613 602 631 584 675 678 662 675 666 709 715 670 724 799 723 787 781 835 823 835 807 788 791 834 941 878 879 848 840 908 871 899 976 999 1050 979 972 1075 977 1112 1019 979 1004 1041 1053 1193 
0 41 56 54 53 52 63 66 117 99 147 123 124 141 156 153 153 199 241 186 171 207 230 203 226 282 306 253 268 292 261 277 328 382 404 359 413 344 357 376 382 452 422 407 499 593 541 596 567 492 556 601 528 550 549 604 634 658 617 643 730 731 717 712 762 672 689 757 752 708 824 726 725 879 817 886 903 854 885 820 931 906 872 973 1019 929 1098 980 1035 936 936 964 1013 1037 1077 1023 1063 1051 1019 1091 
0 35 33 63 50 78 68 79 91 159 116 245 139 160 182 166 187 273 197 203 206 238 253 322 258 273 275 362 393 391 338 333 358 386 443 498 456 436 514 475 487 483 512 612 530 524 546 654 592 603 585 602 589 672 697 670 777 729 691 700 807 690 717 786 791 814 837 813 919 835 842 900 941 978 857 1097 868 1012 1063 998 964 961 943 1102 985 981 1033 1115 1041 1021 1028 1064 1107 1061 1092 1111 1098 1104 1105 1177 
0 17 23 50 73 60 96 69 80 137 119 120 152 127 166 189 180 159 294 180 302 222 230 232 336 244 311 269 326 294 298 331 350 343 376 329 416 370 377 396 419 401 441 478 501 486 603 642 508 573 575 544 572 586 577 608 637 586 612 648 834 688 782 708 667 770 742 759 742 767 820 880 727 887 804 879 848 883 801 842 844 843 878 863 864 979 996 933 1003 1002 1068 1015 1040 1123 1020 1065 1131 1088 1157 1142 
17 33 20 21 74 43 59 101 71 95 165 101 130 176 138 152 158 282 194 216 216 220 319 348 338 340 267 376 379 306 344 374 319 375 452 376 432 390 567 378 440 445 463 485 520 480 461 456 506 569 519 543 547 628 642 614 589 714 650 630 725 701 704 725 795 706 785 749 738 817 814 742 891 799 790 843 819 861 986 933 906 978 976 1021 933 979 937 931 923 954 1022 1007 1044 1042 1003 1114 1042 1083 1093 1074 
12 24 22 41 72 117 83 109 157 117 151 144 178 278 267 288 192 226 236 332 264 308 379 354 318 339 369 360 395 431 420 403 435 476 413 439 455 474 568 469 479 500 576 588 571 574 539 697 667 611 685 648 629 692 705 863 715 811 736 716 744 734 795 754 825 857 786 778 816 925 800 880 878 854 908 937 931 918 1019 946 972 978 975 986 976 1031 1104 1013 1156 1143 1054 1089 1109 1107 1115 1117 1132 1151 1165 1185 
0 13 18 34 55 83 135 96 96 128 154 145 153 146 190 240 215 192 186 215 257 283 264 279 297 311 304 479 406 345 366 361 354 340 371 371 378 420 459 443 389 420 451 444 477 586 479 500 511 598 641 598 539 544 617 620 719 582 643 649 607 681 651 847 729 792 680 753 803 750 731 790 750 852 755 765 876 793 800 861 920 874 911 961 923 1038 957 950 968 1022 1020 1149 1003 1064 1039 1110 1085 1048 1062 1047 
0 19 8 18 24 36 58 49 62 92 119 153 163 159 118 197 132 187 163 241 177 244 211 251 202 391 271 285 284 253 382 297 308 340 320 421 424 371 381 450 465 405 494 488 481 527 509 498 555 537 574 509 521 676 638 555 599 645 593 608 665 821 738 717 731 800 801 765 740 737 810 825 841 891 774 920 781 792 873 903 816 902 890 1000 977 951 980 984 885 952 948 1021 936 968 995 1021 1054 1043 1012 1039 
2 14 32 43 41 56 83 66 87 91 134 114 206 143 172 192 183 195 281 267 305 305 323 361 344 321 479 356 352 359 403 404 447 413 597 468 487 498 490 491 533 513 551 580 580 533 566 574 587 591 561 621 592 704 659 632 656 702 642 749 659 677 764 680 788 710 702 742 731 717 781 780 819 758 885 791 805 989 847 860 860 890 851 880 857 924 950 937 987 956 971 1032 1068 990 944 1020 1019 1056 1057 1134 
0 38 20 50 84 131 57 69 65 106 94 164 127 165 134 148 256 188 171 215 341 257 269 246 330 327 321 384 413 350 346 359 393 397 534 491 444 503 417 463 489 566 444 486 466 469 526 579 549 571 634 636 601 666 723 652 671 677 730 755 788 711 797 775 729 744 755 833 833 816 842 794 847 878 926 824 888 871 925 901 918 1004 939 1041 992 1029 1057 1022 1029 1061 1032 1008 1086 1034 1092 1139 1181 1074 1100 1137 
0 12 36 77 61 73 68 77 104 118 135 153 123 163 129 210 153 213 182 240 256 262 208 242 289 248 250 325 360 371 315 417 394 329 373 419 382 360 421 418 427 418 415 422 439 459 501 459 536 474 514 516 512 545 529 556 568 663 602 663 638 663 629 656 702 786 726 710 808 867 741 756 806 751 845 799 816 893 814 848 915 920 944 877 1008 871 904 1044 1029 949 968 924 942 987 969 1032 1069 1086 1165 1026 
5 34 47 37 45 53 131 75 83 101 180 127 158 156 184 182 183 211 242 230 287 246 232 244 346 320 281 318 431 351 344 344 355 418 381 401 423 463 439 497 648 450 481 509 492 500 479 490 568 490 534 632 521 595 621 556 610 687 612 606 584 580 598 719 713 646 688 641 827 652 790 700 728 752 774 852 774 737 882 851 770 915 857 849 815 828 867 1083 1032 946 955 968 999 1072 1093 987 967 1050 1032 975 
35 18 58 40 102 75 84 102 160 217 141 163 158 211 202 215 207 227 210 212 258 231 249 265 349 344 299 326 273 278 324 361 294 309 391 332 451 386 542 447 412 445 434 412 446 433 522 503 508 554 524 546 656 668 625 595 575 629 643 660 679 690 637 648 702 639 735 730 825 761 730 748 755 702 777 754 785 760 757 855 796 901 823 975 865 892 954 865 885 896 906 1027 970 903 1018 957 952 949 944 969 
4 28 35 55 57 69 89 123 104 148 138 220 170 157 271 190 293 235 225 280 291 349 322 364 305 345 302 303 392 359 342 378 367 411 482 413 427 439 478 501 503 500 495 469 484 554 537 592 644 573 625 615 629 649 656 625 769 636 684 752 741 768 788 824 725 747 743 811 795 868 820 908 827 935 921 887 953 871 910 951 1043 982 949 1096 1037 1025 1017 1048 1072 1159 1082 1076 1096 1104 1081 1151 1070 1151 1226 1098 
0 21 19 44 38 45 101 79 150 104 110 112 120 132 146 151 210 306 238 205 273 237 332 302 340 324 351 338 344 340 360 369 359 335 428 521 479 416 509 445 435 484 439 541 450 536 492 539 514 616 549 543 567 566 549 571 606 595 641 648 629 591 649 612 620 730 652 762 716 755 734 892 732 823 762 720 807 770 782 850 922 835 864 893 838 904 944 846 920 873 999 913 951 1034 1117 972 1084 987 1039 1109 
0 27 27 41 104 70 82 79 92 98 145 126 135 218 202 152 183 175 188 243 215 214 211 245 261 366 344 275 335 288 343 333 488 377 400 357 434 380 429 447 404 519 472 457 540 507 522 496 622 554 568 626 551 536 600 646 573 582 719 596 628 692 726 732 687 767 719 757 811 807 776 726 752 744 758 842 770 901 836 1005 805 909 986 1005 926 895 924 1021 990 926 932 975 1099 989 996 1046 1019 1080 1043 1113 
0 13 19 60 70 92 66 98 79 86 141 99 124 121 199 177 166 273 190 263 210 222 323 235 260 373 291 296 332 290 288 319 328 366 381 384 416 513 380 469 411 450 480 444 572 496 482 503 488 495 516 571 610 559 594 575 627 653 661 694 622 638 680 706 715 674 741 798 821 737 722 803 830 866 771 812 852 839 874 888 891 875 913 872 942 951 1004 1010 953 1007 1072 976 1039 1066 1103 1044 1055 1161 1063 1023 
7 18 40 47 54 75 106 103 178 116 140 209 149 203 239 196 214 292 238 243 238 269 306 262 276 267 283 319 335 378 406 395 358 415 473 481 435 533 449 445 447 502 517 543 506 645 603 670 664 557 566 597 607 620 664 611 646 633 732 728 845 796 724 768 834 760 855 873 785 831 863 804 845 925 849 884 897 964 952 954 903 958 1003 1049 1040 993 1029 1133 1143 1097 1120 1038 1067 1089 1122 1116 1152 1129 1114 1109 
6 18 45 85 106 40 70 81 76 115 104 118 145 179 168 186 176 183 264 383 323 270 343 300 256 326 388 290 297 348 336 383 356 402 386 411 477 460 476 409 440 473 464 526 569 526 601 625 578 571 585 621 607 659 728 661 799 689 643 740 716 721 806 762 700 734 728 736 886 871 835 927 847 856 893 970 882 947 998 926 992 1019 1010 979 996 1046 1110 1057 1025 1040 1059 1106 1094 1139 1058 1114 1089 1187 1102 1135 
0 24 23 48 33 54 68 120 138 175 109 164 128 178 198 172 200 349 213 229 259 268 281 267 266 287 300 292 370 399 309 465 331 345 396 397 364 420 393 464 461 538 539 459 460 477 483 564 504 580 513 546 633 689 567 585 671 675 613 627 606 645 689 724 655 728 769 697 719 790 891 755 821 913 858 852 864 823 1051 937 879 1002 956 1011 939 1028 957 995 952 1043 1097 1045 1090 1036 1080 1101 1180 1062 1073 1091 
3 36 107 85 75 109 118 149 187 176 198 318 277 206 307 285 296 256 265 293 279 276 304 315 335 408 403 382 418 381 397 358 369 490 384 391 535 495 434 462 501 516 479 489 566 512 506 636 599 528 676 579 530 594 569 542 613 651 688 655 664 642 655 679 872 693 784 735 767 859 912 918 837 820 797 846 910 1015 941 855 861 961 896 1015 978 944 899 1033 966 1071 957 973 1064 1150 1128 1047 1070 1123 1088 1098 
0 18 24 54 83 76 71 105 84 114 211 124 198 169 198 287 215 305 203 233 204 232 274 243 322 282 306 340 319 315 332 321 426 372 439 413 372 371 440 445 533 400 530 440 477 457 494 484 562 618 579 503 616 663 619 600 566 627 646 613 709 713 656 737 728 668 686 699 769 708 712 767 816 749 893 899 801 786 857 906 925 915 882 874 944 990 935 941 919 932 936 991 940 984 1012 1085 1031 1021 1048 1116 
0 2 26 44 65 33 52 56 94 94 72 67 149 100 104 126 127 162 189 186 195 238 291 226 248 227 253 287 275 325 291 312 408 350 307 410 432 366 354 355 449 431 549 481 412 397 458 485 438 424 453 447 473 515 482 517 559 593 522 741 672 686 655 622 620 642 657 697 704 688 721 783 684 779 808 725 773 779 837 827 864 965 812 874 875 827 892 875 947 943 924 1041 1039 953 986 1032 984 980 1067 1088 
0 20 27 38 66 120 80 170 101 131 126 181 162 164 185 183 305 222 206 279 332 367 277 299 277 364 365 301 311 434 499 342 350 414 463 397 383 412 435 449 574 496 542 483 529 501 515 595 608 589 584 624 579 614 695 622 719 740 722 633 695 745 721 756 730 682 785 704 795 794 764 769 818 839 953 844 834 975 891 1034 894 952 988 1016 1015 958 1034 998 1062 1075 987 1141 1021 1027 1079 1049 1062 1071 1094 1113 
0 13 18 56 48 64 57 79 87 158 124 102 109 173 144 164 176 208 196 211 215 226 290 279 451 397 343 342 325 372 384 403 364 342 372 386 415 611 501 488 431 448 457 533 534 533 529 596 574 671 560 536 553 564 558 606 658 643 612 721 669 711 644 691 772 662 674 730 715 786 880 791 769 820 880 836 871 890 849 934 955 908 1029 962 937 1062 1032 954 951 1050 998 992 1019 1059 1025 1123 1102 1085 1039 1129 
0 4 23 33 51 61 64 86 76 90 94 210 118 116 190 179 199 172 175 166 221 195 320 241 275 245 262 256 262 385 325 325 338 317 385 379 416 389 537 428 458 422 514 437 513 473 500 588 537 590 515 538 539 585 700 656 595 684 651 622 783 745 762 811 756 723 720 782 797 736 722 732 740 846 898 860 842 846 851 970 813 889 868 873 930 896 967 969 925 982 1034 947 1008 961 1045 990 1068 1051 1137 1052 
10 27 33 59 48 60 147 185 139 108 115 179 226 183 180 201 248 243 310 233 432 269 299 353 344 367 471 477 412 395 461 413 512 513 497 483 509 522 477 563 553 562 543 536 547 599 555 638 576 654 689 715 706 660 747 688 702 681 722 773 716 815 877 865 760 827 864 803 889 815 865 935 1001 875 896 956 929 996 1044 986 938 1030 1008 1011 1052 1027 1019 1095 1072 1088 1112 1083 1038 1143 1058 1062 1098 1174 1105 1113 
0 7 11 27 60 79 58 88 102 162 121 147 144 227 167 167 234 361 223 273 231 285 257 312 357 308 309 320 313 387 356 343 400 451 390 542 440 504 503 523 535 442 465 491 451 532 501 618 579 569 496 640 542 648 630 573 585 784 624 695 701 665 687 672 706 801 789 709 815 788 806 796 800 847 845 870 940 883 1019 914 947 1021 1008 976 931 937 966 986 971 1167 1014 1126 1047 1139 1067 1154 1143 1153 1100 1155 
0 38 26 64 53 91 81 105 147 144 172 171 164 290 187 194 234 216 227 235 350 271 392 320 294 308 439 367 385 377 462 433 440 416 423 519 402 495 459 525 440 509 479 561 509 592 625 549 508 521 596 623 598 623 649 628 579 594 804 739 689 653 634 712 774 834 761 743 755 728 791 727 760 746 814 950 873 831 881 828 938 839 889 873 978 911 998 898 965 950 942 998 1029 1052 991 1104 1017 1178 1082 1095 
7 27 65 66 38 71 65 63 93 94 109 134 151 180 202 162 255 245 194 217 227 237 255 324 272 276 441 378 390 352 344 373 444 361 443 502 404 446 425 436 460 534 543 552 492 651 599 587 620 582 569 584 628 826 673 750 676 715 727 753 676 791 909 769 760 742 779 820 764 842 776 872 826 790 802 945 874 850 940 1001 980 1029 962 924 923 965 1058 967 1034 991 1104 999 1073 1049 1031 1092 1037 1097 1104 1097 
2 16 30 86 75 91 125 131 143 129 171 144 158 255 224 220 274 286 246 250 286 283 287 396 362 300 443 332 505 435 394 470 551 613 526 488 448 572 462 510 529 550 520 533 536 584 681 551 580 677 632 616 612 673 663 683 708 635 698 716 822 682 692 720 788 728 741 813 851 807 777 929 876 797 849 946 966 968 901 893 922 1041 912 968 1031 971 1102 1039 1135 1004 971 1009 1155 1075 1039 1130 1099 1136 1087 1131 
2 11 18 32 84 49 72 91 112 75 104 133 116 141 137 153 185 173 159 199 172 217 185 195 225 275 271 231 262 253 349 277 285 325 362 333 474 454 439 463 509 408 421 471 467 459 510 523 506 563 580 594 660 585 551 645 654 701 642 650 655 697 754 756 760 750 804 882 765 794 787 791 872 835 915 793 891 868 931 842 845 955 918 879 1023 1107 927 924 941 1050 948 1092 1010 1006 1054 1068 1138 1118 1158 1101 
11 30 34 54 84 74 151 102 122 123 154 172 175 170 221 203 313 212 224 231 300 289 276 286 277 317 355 348 337 347 520 467 381 403 390 593 555 452 522 454 539 534 489 560 595 572 618 626 570 693 597 597 636 603 623 685 631 679 684 651 682 752 682 702 781 714 739 696 782 757 777 835 885 804 768 849 872 840 865 864 907 951 947 945 977 879 1032 1054 993 959 1008 1035 969 1023 996 1019 1048 1079 1056 1001 
5 23 23 63 61 72 77 90 99 110 94 138 179 181 190 167 152 152 174 177 194 214 242 252 295 312 262 366 284 371 452 466 468 363 486 385 385 469 428 484 552 521 474 537 516 507 635 531 546 592 548 600 573 724 658 611 615 634 744 736 669 734 839 825 770 781 798 808 800 806 863 824 883 941 976 925 874 933 883 899 902 1048 1059 1063 1068 1056 1098 994 1010 1067 1022 1012 1093 1152 1099 1090 1142 1143 1117 1123 
0 35 16 34 41 54 85 80 97 129 112 115 199 162 150 275 227 220 271 339 291 242 251 299 348 273 303 320 383 307 299 399 364 369 350 428 438 470 408 449 539 517 491 453 472 600 534 511 551 588 540 570 604 617 571 658 659 593 611 698 664 748 738 669 686 685 719 763 848 760 835 858 790 829 836 918 895 912 954 851 887 985 916 964 892 994 925 932 1055 962 1072 1030 995 1014 1075 1012 1073 1127 1080 1145 
7 10 26 49 53 100 90 87 129 242 215 128 163 133 151 186 180 186 183 197 192 238 199 220 239 280 297 298 273 261 351 283 306 322 317 457 394 481 425 382 465 450 448 526 490 526 456 466 489 550 488 508 563 526 641 603 638 669 650 589 679 652 689 749 655 674 734 753 886 929 877 870 805 835 819 846 941 903 893 834 912 897 939 962 914 1015 983 1017 928 1087 1111 1065 983 987 1007 1130 1072 1068 1148 1108 
25 33 41 79 81 99 114 186 226 153 195 179 186 208 204 212 249 230 246 301 302 269 291 295 426 393 442 357 432 505 405 392 465 485 453 426 476 425 479 444 474 488 491 487 554 523 614 611 547 516 519 651 631 555 629 718 682 679 633 708 668 689 652 674 713 683 772 774 840 801 788 820 798 759 766 867 824 935 864 872 869 925 912 980 906 901 914 914 1009 1081 933 938 981 987 1046 1042 1060 1143 1078 1088 
1 51 30 51 40 75 105 101 142 123 184 163 163 141 221 189 220 226 204 246 281 274 348 267 290 337 337 327 393 366 351 404 390 388 395 451 440 510 498 530 516 554 505 601 524 503 530 531 679 651 701 670 622 656 682 713 658 636 676 707 730 677 768 848 797 735 705 851 746 740 839 860 841 836 794 804 913 944 838 845 954 986 877 917 970 1067 1016 962 1058 1008 1073 1030 1059 1114 1008 1060 1044 1121 1091 1188 
0 15 31 74 52 134 90 79 94 104 152 150 124 131 161 248 200 191 209 229 252 265 292 256 283 275 397 306 328 332 395 423 395 439 434 494 452 459 413 437 498 453 475 465 564 496 538 526 561 631 604 674 650 556 651 645 655 630 602 688 643 708 697 704 809 675 668 736 769 814 788 846 735 817 824 769 780 818 857 818 819 930 946 917 957 904 910 937 884 928 946 959 944 1002 974 1077 983 1135 992 1008 
0 16 18 46 67 69 98 96 169 117 146 129 145 152 194 199 343 222 207 229 221 222 285 262 388 263 313 345 300 351 405 353 403 396 363 441 483 407 445 473 419 443 460 477 467 570 510 510 623 574 572 682 607 632 563 595 677 662 668 725 873 663 803 717 702 757 732 770 856 789 793 821 818 849 920 977 931 905 952 1003 996 883 927 955 910 976 1048 1017 1080 976 1021 1013 1097 1097 1065 1101 1135 1125 1085 1071 
18 30 23 53 61 61 63 69 148 93 152 116 166 187 142 152 216 192 206 193 230 245 223 330 291 264 285 302 379 309 343 288 436 340 313 307 312 372 350 430 395 427 457 455 423 456 550 411 464 452 468 427 450 450 481 526 518 600 510 552 543 583 558 570 624 670 618 586 677 611 673 735 736 807 740 832 777 711 798 864 713 792 811 796 860 895 927 973 845 929 943 869 919 1034 911 1010 973 1091 989 996 
8 16 62 50 61 74 65 72 86 104 128 164 153 163 187 162 185 208 198 198 298 283 316 359 268 351 460 338 350 378 403 463 382 455 501 465 675 458 567 502 529 575 564 554 613 610 603 620 589 693 619 618 753 688 705 764 689 748 860 798 873 811 806 817 764 784 914 787 782 813 896 796 916 953 843 1044 1001 893 960 957 921 988 984 1015 998 1042 1000 1024 1031 1115 1073 1112 1055 1054 1162 1140 1110 1166 1188 1116 
0 3 37 38 81 72 79 113 85 98 121 175 222 196 224 202 187 246 266 270 228 248 299 335 270 287 327 373 425 354 476 393 418 395 442 373 378 477 432 467 455 425 436 547 476 484 491 494 524 526 642 549 536 583 650 635 700 755 673 690 700 691 679 727 744 752 767 807 739 778 785 889 773 867 779 782 816 768 801 935 887 877 895 918 868 899 948 907 932 913 977 918 940 991 1038 958 1045 1157 1018 1034 
0 21 40 57 82 72 155 102 136 119 141 136 166 262 162 185 223 209 199 250 248 268 290 266 324 359 366 338 444 418 356 361 584 402 457 469 567 494 498 552 539 525 646 595 611 618 645 623 671 635 596 692 651 670 738 733 736 733 763 816 767 746 869 746 904 784 807 930 828 881 855 940 846 986 961 932 968 936 979 972 918 941 1005 999 989 1106 1007 990 1013 1020 1104 1064 1038 1150 1066 1086 1089 1101 1169 1116 
0 9 28 63 59 90 98 178 98 155 146 141 143 181 207 191 208 209 272 245 320 241 241 292 311 282 321 307 316 344 358 410 515 487 447 478 463 440 414 489 495 500 465 536 697 497 517 601 627 569 698 561 653 586 639 624 701 633 729 696 663 678 657 694 800 696 822 809 743 768 804 892 844 780 869 919 885 926 903 903 873 874 1011 895 881 1049 965 987 950 984 962 1125 1020 1041 1118 1036 1069 1009 1087 1068 
4 12 21 60 67 109 185 131 127 174 147 160 178 265 208 242 199 242 250 220 236 245 246 305 276 311 322 323 351 339 370 361 379 458 389 392 441 434 437 470 489 477 552 519 559 606 640 655 619 539 613 599 689 583 642 664 614 634 649 755 815 754 714 754 774 724 740 831 769 782 818 943 812 961 823 939 873 861 991 993 896 947 906 968 934 1065 990 963 1071 1063 1168 1077 1167 1153 1120 1075 1183 1080 1137 1140 
0 54 49 67 66 64 84 86 141 112 171 193 267 186 230 193 222 209 223 236 243 245 347 283 335 387 322 358 371 408 361 360 374 424 403 474 440 449 521 498 695 530 564 508 510 577 619 675 620 677 650 593 677 591 680 639 661 664 630 668 732 717 682 687 749 772 791 722 863 742 844 807 781 798 807 851 817 844 872 964 969 906 888 949 914 951 1035 914 1001 1076 968 1018 976 970 1053 1047 1161 1151 1056 1060 
0 26 20 44 63 64 131 121 173 123 148 186 209 224 183 268 207 267 252 271 245 237 256 288 289 299 454 374 322 350 401 378 363 370 456 439 442 407 421 486 474 473 528 536 526 525 518 571 617 622 667 770 697 627 740 669 715 734 693 779 774 771 738 787 886 844 849 829 811 895 924 995 935 981 853 1020 1048 1063 1002 1041 1100 990 1027 978 1103 1035 1096 1044 1060 1041 1111 1105 1102 1098 1135 1142 1117 1128 1145 1148 
0 46 38 98 69 150 116 160 215 151 134 158 159 188 176 254 247 258 292 246 261 315 285 395 310 342 417 355 359 409 425 430 518 413 451 516 443 543 510 517 577 492 553 591 570 660 594 635 683 555 654 698 708 604 649 740 724 701 704 714 756 681 816 737 716 752 847 867 770 874 907 902 982 851 838 895 899 1012 905 999 907 949 925 1087 961 1058 1040 1015 1064 1023 1127 1054 1166 1171 1129 1098 1115 1152 1116 1101 
0 17 22 40 41 111 93 114 84 111 171 138 170 167 173 173 215 277 367 259 333 333 274 291 296 414 296 415 403 405 373 391 459 419 452 461 423 469 501 443 478 521 461 551 574 585 582 585 615 574 636 707 634 601 604 670 680 723 738 708 740 770 739 754 785 804 813 773 889 806 796 834 869 967 853 1002 831 972 898 967 993 914 1027 933 930 1029 980 1010 938 1074 969 1040 1001 1038 1058 1000 1062 1097 1173 1119 
0 25 20 40 58 60 52 90 100 109 125 128 124 263 125 132 176 169 199 160 213 250 186 195 194 215 240 237 259 259 362 341 290 298 394 411 425 526 359 471 478 623 423 485 514 500 568 495 522 589 520 628 591 550 530 600 614 601 601 615 627 633 755 748 791 693 659 667 808 720 716 765 846 841 751 837 834 938 840 949 819 830 954 933 1030 879 884 1015 970 967 918 1041 957 1098 1115 1096 1112 1084 1001 1115 
10 11 28 52 30 57 63 87 110 140 117 106 168 138 167 169 171 167 207 242 223 225 275 333 292 296 407 312 329 386 379 381 538 376 386 491 438 458 477 552 502 477 547 513 576 573 532 662 643 678 597 626 695 661 624 697 729 703 666 730 690 808 743 825 813 767 799 800 759 884 876 800 927 811 830 856 934 890 911 946 951 903 909 1021 963 1059 997 1065 1048 993 1103 1029 1067 1078 1170 1102 1203 1073 1187 1154 
0 11 18 43 98 44 71 84 72 86 121 122 138 151 153 327 189 204 207 249 350 360 343 296 299 297 316 338 338 356 358 370 380 387 458 469 496 491 489 481 452 504 513 591 570 530 586 647 609 681 585 628 639 569 649 672 638 687 798 728 664 643 784 756 796 720 707 773 785 742 818 762 829 791 785 828 834 840 927 910 891 944 977 903 973 970 971 1032 956 1060 1030 1052 1027 1134 1083 1067 1074 1084 1182 1079 
0 9 24 35 35 35 41 67 100 57 90 166 103 107 154 140 172 207 206 183 194 215 239 225 241 291 292 271 286 293 379 387 363 422 509 442 405 455 419 562 534 466 480 467 459 560 476 519 533 558 556 606 534 600 560 570 748 703 630 724 657 696 649 768 709 843 762 735 702 769 738 863 832 775 772 876 824 906 856 849 852 856 918 909 1022 930 1008 965 949 954 993 1041 1017 1125 1029 1113 1132 1028 1127 1054 
10 26 21 29 51 58 73 76 86 91 114 117 128 139 177 204 210 201 253 212 237 241 271 290 262 267 301 369 283 328 312 369 363 346 415 386 500 412 449 488 472 454 464 550 576 571 643 580 564 646 582 713 639 701 687 702 693 703 801 780 722 737 696 698 696 771 766 862 806 812 792 803 860 877 999 854 833 872 867 872 935 929 1121 910 918 966 1002 1034 985 1112 1064 1085 1021 1174 1195 1046 1182 1134 1161 1134 
0 32 19 36 55 120 89 114 134 161 138 124 152 158 244 191 278 208 313 297 258 264 324 256 269 462 310 368 380 339 353 362 473 430 423 425 466 455 482 541 601 521 553 565 569 527 560 568 597 653 588 614 666 735 593 642 654 649 656 797 788 746 775 787 738 870 767 821 753 769 786 800 868 821 905 852 846 945 864 897 889 930 913 894 892 998 908 987 982 933 981 1054 1012 1020 1074 1136 1110 1103 1031 1056 
0 17 43 80 71 80 105 93 184 267 163 171 181 194 190 221 208 215 246 253 306 317 317 280 317 428 416 356 424 409 432 388 382 415 457 593 428 414 523 436 442 463 486 523 529 519 485 585 602 592 507 549 631 608 579 572 641 651 729 649 663 664 705 682 764 800 726 761 877 810 871 774 891 874 811 830 858 945 835 961 906 939 1005 985 988 928 989 1087 993 964 1007 1047 1057 1101 1068 1100 1075 1141 1153 1103 
0 3 34 35 55 49 72 138 76 78 115 135 153 182 135 184 154 215 208 221 299 249 300 274 348 333 295 327 401 348 319 355 430 362 431 429 416 492 408 416 424 441 494 501 631 551 619 593 622 568 544 535 522 597 583 662 542 672 618 656 737 607 604 722 643 704 826 816 701 778 810 791 762 770 846 902 883 912 779 826 813 840 889 850 897 869 829 954 888 935 908 921 1027 931 1020 959 1070 1022 1010 1052 
7 15 19 24 47 98 90 114 124 116 100 121 187 201 194 170 217 242 229 325 221 288 252 260 359 285 367 343 410 324 372 452 369 446 397 642 452 484 496 438 527 458 630 586 490 557 583 539 578 557 542 593 537 608 651 601 646 613 677 639 768 664 731 669 802 693 831 842 781 751 775 847 940 829 936 886 826 927 961 887 932 856 897 893 956 1000 998 988 998 1046 1022 1116 1030 1111 1122 1133 1063 1081 1110 1108 
14 15 68 59 63 87 70 151 167 199 129 151 181 171 184 190 328 235 290 300 293 351 348 421 323 345 345 350 328 386 360 442 410 447 498 480 437 501 457 509 584 580 571 618 559 553 619 622 688 739 623 632 725 683 663 708 725 694 719 715 751 750 726 755 723 828 758 768 875 802 797 966 836 848 916 953 908 858 943 978 888 885 1026 962 1021 966 973 1070 991 996 1092 1045 983 1021 1082 1113 1036 1124 1104 1066 
1 6 53 36 57 37 48 65 148 106 102 100 176 151 137 125 124 230 165 166 169 187 188 187 200 207 242 255 251 288 322 267 277 311 307 352 380 531 376 519 440 384 401 585 527 468 439 445 454 569 480 631 549 614 522 652 621 622 598 624 595 660 621 684 634 726 777 684 747 785 805 773 784 705 714 759 737 798 829 783 934 777 838 861 892 928 833 872 913 922 951 911 943 992 926 956 939 962 1035 1115 
0 11 40 56 63 82 120 131 112 148 156 154 204 272 222 196 219 247 225 269 240 267 353 313 337 290 311 306 327 328 353 354 363 428 412 433 405 417 493 479 483 449 536 517 557 591 521 585 686 580 649 574 637 725 625 643 600 617 639 639 719 738 738 688 746 783 743 737 849 755 759 862 825 848 970 878 915 888 884 974 914 979 946 920 955 925 1075 1034 1148 1034 1076 1112 1098 1074 1099 1050 1096 1118 1117 1156 
0 5 10 25 65 60 60 58 75 103 99 170 110 156 197 150 158 234 249 225 283 260 255 322 402 349 351 321 363 348 357 392 492 394 404 498 482 459 564 546 596 528 547 500 599 607 537 597 599 759 668 731 633 747 645 671 668 663 773 716 768 708 792 765 910 874 798 874 752 825 828 916 822 809 833 862 847 933 982 941 906 973 972 997 1063 1018 990 1040 1020 1020 1049 1117 1061 1152 1135 1031 1100 1108 1054 1092 
