5197
0 13 23 62 100 116 136 162 163 249 266 277 297 299 354 469 490 499 509 534 535 692 697 706 738 747 954 956 1103 1122 1142 1161 1171 1183 1223 1254 1271 1286 1291 1306 1584 1598 1614 1618 1635 1737 1791 1797 1813 1825 2009 2025 2044 2060 2065 2138 2156 2209 2216 2235 2241 2253 2260 2386 2392 2450 2461 2477 2640 2650 2669 2683 2742 2752 2794 2814 2965 2984 3086 3115 3254 3263 3482 3496 3504 3513 3516 3576 3679 3694 3709 3715 3733 3741 3742 3758 3795 3806 3820 3835 
0 3 10 17 53 57 61 83 92 159 265 288 302 309 324 411 454 470 481 503 900 910 1031 1049 1079 1150 1170 1246 1254 1262 1353 1372 1633 1646 1669 1685 1772 1782 1795 1811 1827 1829 1837 2033 2039 2155 2250 2261 2269 2283 2338 2356 2376 2462 2471 2478 2568 2571 2656 2797 2813 2825 2849 2865 2901 2916 2922 2940 3011 3027 3286 3295 3311 3382 3400 3416 3432 3435 3606 3629 3669 3689 3758 3772 3774 3915 3927 3930 3950 4174 4187 4208 4226 4513 4528 4537 4663 4677 4694 4706 
0 6 29 36 52 155 171 179 189 262 279 301 330 349 364 381 400 406 416 442 519 537 549 559 597 601 618 807 824 853 854 875 888 908 927 933 949 963 988 1142 1151 1164 1175 1190 1211 1215 1231 1247 1254 1265 1282 1559 1565 1669 1683 1772 1830 1862 1866 2101 2121 2141 2150 2167 2176 2195 2225 2231 2373 2433 2477 2490 2666 2673 2689 2702 2731 2834 2880 2888 3061 3212 3214 3225 3236 3243 3261 3278 3299 3315 3409 3419 3541 3640 3703 3705 3826 3840 3855 3942 
0 53 69 73 89 231 279 313 321 340 360 383 390 407 419 423 442 473 477 488 518 522 526 558 570 585 588 608 627 646 662 702 824 836 874 936 941 958 1021 1031 1046 1065 1085 1103 1241 1258 1268 1281 1292 1323 1328 1539 1550 1569 1669 1682 1698 1716 1722 1859 1872 1980 1994 1998 2007 2106 2116 2154 2174 2209 2247 2256 2359 2364 2382 2431 2448 2581 2586 2605 2622 2640 2656 2681 2697 2705 2725 2739 2753 2950 3013 3032 3041 3069 3108 3128 3134 3144 3246 3252 
0 15 19 54 60 89 222 239 254 452 469 486 520 745 761 773 787 800 808 866 878 1055 1072 1093 1606 1615 1616 1635 1653 1699 1708 1724 1739 1860 1865 1880 1889 1922 1937 1939 2141 2147 2237 2250 2267 2285 2302 2310 2325 2337 2462 2473 2493 2720 2740 2751 2809 2836 2845 3024 3032 3054 3055 3107 3119 3136 3143 3164 3168 3364 3371 3557 3662 3670 3770 3832 3838 3940 3946 3965 4126 4157 4166 4189 4551 4563 4580 4590 4613 4615 4621 4699 4737 4753 4757 4769 4776 4794 4797 4811 
0 14 46 48 134 146 166 236 240 255 264 337 364 371 390 460 478 481 490 504 520 528 645 690 749 750 768 773 774 791 800 819 875 877 954 1035 1047 1061 1170 1247 1257 1419 1650 1656 1659 1799 1801 1806 1953 1973 2004 2121 2139 2155 2169 2182 2186 2210 2299 2311 2329 2348 2471 2492 2626 2648 2651 2666 2668 2682 2700 2714 2727 2748 2759 2764 2917 2921 3171 3191 3255 3298 3387 3397 3539 3546 3558 3589 3612 3623 3633 3719 3756 3861 3870 3871 3880 3895 3912 3922 
0 20 51 55 72 77 97 147 286 302 319 336 346 358 363 475 488 504 546 697 783 796 975 985 1142 1151 1156 1189 1205 1336 1349 1458 1477 1487 1494 1686 1720 1744 1761 1797 1819 1826 1834 1855 1872 1878 1880 1897 2174 2201 2216 2220 2271 2291 2304 2323 2333 2461 2484 2626 2640 2761 2766 2784 2906 2917 2918 2925 2937 2949 2994 3031 3046 3159 3161 3178 3241 3261 3310 3328 3330 3377 3396 3404 3593 3611 3626 3646 3657 3686 3689 3692 3807 3814 3829 3911 3924 3926 4182 4306 
0 11 43 61 151 165 168 236 246 261 324 336 338 613 633 652 662 672 688 705 713 724 741 753 872 885 919 936 1048 1063 1080 1130 1139 1140 1152 1159 1175 1184 1204 1358 1374 1425 1614 1633 1653 1672 1678 1778 1781 1869 1879 1904 1933 1949 1968 1978 2109 2117 2127 2198 2210 2542 2553 2562 2655 2683 2688 2787 2807 2816 2825 2829 3032 3046 3258 3271 3305 3457 3472 3491 3503 3516 3641 3647 3661 3663 3681 3698 3709 3722 3742 3768 3870 3876 3880 3927 3931 4034 4051 4307 
0 60 76 94 142 174 228 274 287 296 352 366 502 509 525 595 615 690 717 860 863 929 1008 1024 1036 1139 1154 1170 1181 1319 1338 1355 1373 1382 1400 1582 1647 1650 1969 1972 1983 1989 1997 2013 2019 2167 2174 2192 2264 2280 2302 2317 2328 2343 2546 2555 2565 2689 2793 2808 2814 2976 2994 3009 3028 3057 3066 3108 3127 3138 3142 3159 3261 3277 3287 3305 3325 3335 3420 3441 3461 3462 3471 3550 3569 3607 3623 3730 3778 3790 3954 3962 4016 4032 4052 4071 4090 4420 4503 4515 
0 11 24 54 114 124 169 185 191 346 347 393 407 408 633 650 751 765 937 951 979 994 1053 1057 1152 1168 1208 1224 1241 1281 1295 1313 1642 1644 1766 1778 1785 1801 1862 1871 1878 1887 2177 2185 2301 2303 2431 2562 2577 2592 2608 2620 2635 2827 2843 2858 2953 2961 2976 2989 2992 3006 3022 3037 3079 3081 3084 3096 3106 3117 3128 3269 3280 3405 3423 3440 3451 3513 3574 3624 3642 3672 3838 3935 3972 3973 4004 4061 4081 4085 4105 4118 4135 4149 4159 4178 4256 4271 4289 4330 
0 1 55 71 75 94 108 125 151 159 220 335 345 359 379 579 595 603 604 729 731 751 768 786 863 867 900 994 1003 1105 1348 1451 1463 1477 1491 1508 1588 1596 1607 1640 1652 1661 1676 1714 1720 1724 1905 1994 2008 2097 2104 2118 2138 2139 2158 2171 2210 2219 2233 2269 2284 2299 2305 2306 2392 2395 2405 2412 2431 2441 2499 2520 2740 2749 2897 2902 2922 2930 2950 2962 2972 2990 3138 3150 3159 3217 3261 3342 3356 3375 3390 3400 3424 3434 3464 3657 3673 3685 3697 3771 
0 23 39 54 79 125 155 184 204 219 229 287 369 388 393 458 582 591 674 692 720 734 785 821 839 980 993 1008 1027 1092 1104 1205 1221 1274 1278 1294 1320 1332 1334 1487 1489 1497 1783 1794 1806 1823 1948 1960 1980 1992 2011 2025 2044 2206 2209 2329 2343 2359 2375 2389 2394 2409 2436 2442 2457 2564 2577 2654 2660 2840 2867 2871 2888 2898 2905 3046 3052 3068 3073 3081 3238 3245 3262 3287 3289 3305 3308 3311 3437 3593 3611 3616 3757 3768 3783 3784 3936 4116 4136 4458 
0 16 26 37 53 333 516 528 662 666 671 675 733 740 747 777 870 923 940 956 971 1051 1079 1104 1119 1157 1167 1179 1195 1460 1477 1483 1490 1616 1713 1731 1867 1878 1972 1986 2095 2107 2119 2165 2172 2187 2201 2365 2422 2424 2441 2456 2467 2484 2504 2790 2819 2837 2973 3002 3022 3252 3272 3291 3299 3310 3330 3348 3382 3400 3510 3526 3632 3634 3711 3721 3843 3855 3865 3880 3930 3931 3955 4187 4199 4397 4529 4545 4555 4571 4584 4592 4608 4615 4616 4656 4815 4824 4832 4847 
0 16 34 48 110 195 213 214 243 270 279 298 309 425 427 446 461 477 490 656 674 690 706 711 716 746 905 911 1177 1180 1198 1238 1242 1342 1348 1488 1504 1517 1739 1756 1806 1821 1834 1855 1882 1888 1906 1919 1931 1935 1957 1976 1989 2079 2095 2231 2389 2402 2417 2433 2450 2464 2819 3003 3013 3022 3146 3164 3178 3190 3199 3274 3383 3396 3512 3525 3535 3554 3782 3800 3813 3832 3848 3863 3878 4022 4355 4364 4369 4380 4391 4404 4413 4428 4532 4540 4552 4561 4576 4582 
0 17 52 125 129 136 150 151 259 279 294 313 325 337 355 398 406 470 504 520 522 538 548 557 768 1117 1124 1141 1159 1275 1288 1304 1323 1329 1343 1350 1362 1637 1651 1655 1716 1769 1782 1786 1846 1897 1917 1955 1979 1996 2191 2210 2224 2265 2343 2346 2356 2373 2579 2596 2597 2603 2681 2733 2741 2825 2840 3046 3055 3059 3199 3210 3225 3247 3251 3269 3473 3492 3508 3522 3542 3564 3573 3593 3617 3717 3729 3749 3766 3780 3790 3804 3823 3842 3875 3988 4003 4025 4150 4355 
0 16 34 54 92 100 120 140 160 266 286 322 520 544 606 673 691 791 845 846 865 875 1021 1112 1148 1168 1182 1192 1207 1217 1230 1332 1352 1508 1515 1535 1542 1633 1647 1662 1680 1692 1705 1718 1726 1739 1742 1769 1776 1787 1797 1817 1831 1846 1860 1871 1873 2104 2116 2125 2142 2154 2238 2248 2250 2260 2261 2269 2498 2504 2525 2709 2721 2732 2751 2755 2760 2772 2821 2826 2897 2902 2922 2935 3010 3062 3064 3073 3074 3260 3269 3286 3421 3439 3448 3468 3669 3673 3684 3709 
4 35 51 54 77 81 84 131 205 207 222 241 247 263 309 319 351 477 578 594 613 687 707 782 798 818 1024 1031 1045 1064 1084 1094 1176 1193 1199 1235 1288 1312 1321 1688 1697 1724 1880 1891 1906 1940 2154 2172 2186 2203 2211 2232 2283 2296 2358 2359 2537 2720 2735 2747 2754 2806 2992 3007 3022 3064 3070 3086 3283 3300 3303 3395 3402 3416 3532 3547 3567 3592 3593 3753 3765 3785 3801 3821 3836 3843 3857 3860 3871 3875 3895 3910 3915 3920 3930 3938 3955 3957 4149 4166 
0 28 39 54 86 112 116 149 305 347 358 377 395 405 417 640 656 673 688 708 724 842 854 869 993 1001 1020 1052 1122 1126 1137 1500 1503 1516 1532 1539 1548 1616 1712 1716 1794 1803 1812 1852 1869 1906 1914 1920 1932 1986 2008 2068 2076 2078 2098 2109 2140 2224 2233 2247 2260 2279 2284 2298 2383 2401 2402 2605 2606 2612 2622 2625 2655 2669 2670 2694 2699 2796 2812 2895 2913 2919 3038 3046 3058 3240 3247 3251 3291 3356 3370 3377 3412 3429 3433 3536 3550 3559 3616 3628 
0 7 54 75 85 98 128 143 162 164 219 223 236 255 272 280 323 332 368 377 442 539 697 700 718 734 751 759 769 786 806 822 826 835 853 956 968 985 997 1023 1026 1032 1046 1063 1122 1135 1164 1167 1181 1184 1424 1432 1437 1644 1656 1676 1799 1810 1992 2117 2128 2141 2224 2238 2245 2269 2287 2310 2364 2383 2396 2416 2431 2433 2456 2475 2482 2530 2592 2649 2663 2678 2687 2701 2736 2745 2761 2781 2797 2842 3008 3026 3056 3068 3318 3330 3424 3514 3526 3593 
16 25 42 58 67 94 97 116 131 208 209 224 315 335 340 353 366 380 461 469 508 528 539 644 645 735 762 963 970 1005 1011 1015 1028 1063 1166 1170 1384 1387 1455 1465 1477 1565 1566 1598 1601 1824 1825 1829 1855 1870 1880 2052 2068 2083 2101 2119 2130 2154 2155 2157 2169 2307 2328 2579 2580 2908 2912 3037 3104 3225 3237 3255 3269 3270 3271 3286 3434 3440 3452 3463 3526 3539 3612 3624 3640 3649 3831 3878 3920 3996 4011 4023 4035 4055 4073 4524 4532 4551 4561 4580 
0 16 30 55 71 82 203 209 214 288 302 319 322 339 356 364 379 513 529 545 558 650 714 717 746 762 986 987 1003 1094 1097 1115 1344 1362 1516 1652 1686 1692 1707 2036 2041 2149 2166 2342 2362 2430 2443 2456 2508 2599 2619 2701 2743 2748 2760 2762 2775 2791 3035 3036 3077 3221 3233 3242 3243 3309 3319 3325 3342 3353 3477 3522 3597 3613 3620 3627 3717 3731 3764 3777 3795 3813 3827 3846 3854 3872 3892 3902 4036 4166 4182 4343 4356 4358 4369 4388 4405 4421 4430 4441 
0 5 25 43 69 91 110 125 178 191 219 233 377 392 395 477 555 564 727 735 810 881 899 966 979 1310 1324 1655 1706 1722 1737 1754 1769 1781 1799 1857 1943 1951 1966 2036 2052 2171 2269 2270 2395 2398 2596 2611 2620 2629 2640 2665 2939 2949 2965 2985 2995 3044 3130 3150 3158 3177 3195 3211 3229 3244 3260 3367 3404 3410 3438 3457 3460 3575 3584 3597 3608 3619 3625 3803 3819 3835 3850 3855 3986 4003 4008 4122 4135 4203 4219 4224 4242 4499 4584 4590 4599 4645 4662 4675 
0 22 39 58 108 160 165 255 262 392 400 409 420 437 591 608 613 803 819 832 859 955 1167 1186 1209 1322 1342 1531 1539 1684 1700 1719 1733 1744 1898 1982 1989 1997 2013 2123 2130 2211 2219 2248 2282 2289 2300 2442 2513 2592 2681 2778 2797 2806 2824 2836 2837 2987 2994 3010 3030 3044 3053 3204 3214 3248 3435 3440 3458 3507 3520 3521 3642 3660 3673 3686 3702 3713 3892 4182 4186 4203 4208 4224 4238 4333 4475 4492 4502 4509 4519 4539 4558 4561 4569 4685 4703 4712 4725 4732 
0 4 109 203 205 226 261 268 288 314 321 337 355 371 383 403 420 430 449 462 482 484 494 777 795 807 824 854 877 889 905 916 941 1025 1075 1094 1112 1115 1126 1140 1193 1294 1305 1319 1488 1505 1518 1624 1703 1777 1792 1811 1878 1905 1949 2025 2142 2154 2164 2178 2190 2198 2345 2414 2419 2548 2563 2573 2577 2710 2721 2733 3092 3111 3113 3122 3251 3267 3355 3360 3371 3383 3540 3545 3684 3700 3716 3740 3752 3850 3867 3883 3941 4018 4023 4132 4162 4170 4186 4251 
0 36 76 84 93 153 170 181 326 337 351 364 404 418 528 586 700 718 719 819 858 875 879 887 903 979 997 1067 1080 1088 1105 1121 1123 1131 1205 1312 1505 1592 1597 1656 1663 1735 1752 1758 1778 1812 1991 1994 2013 2033 2052 2068 2070 2186 2188 2196 2216 2232 2240 2256 2269 2286 2292 2422 2555 2619 2638 2650 2669 2697 2746 2762 2844 2937 2940 2951 3009 3017 3060 3068 3087 3095 3117 3121 3178 3254 3255 3340 3408 3422 3573 3589 3599 3602 3637 3670 3756 3855 3873 3889 
7 42 61 71 74 87 107 115 148 160 180 193 210 215 222 231 242 275 294 313 323 335 456 491 494 519 537 540 544 673 766 777 790 839 853 935 955 1151 1158 1329 1352 1362 1627 1640 1647 1733 1749 1801 1815 1833 1848 1866 1873 1887 2109 2112 2128 2140 2283 2285 2293 2297 2312 2398 2640 2645 2664 2678 2708 2715 2804 2817 2827 2844 2858 2985 3022 3027 3051 3059 3154 3269 3276 3290 3311 3318 3422 3437 3447 3459 3556 3574 3591 3602 3789 3795 3879 3893 3908 3926 
0 8 18 36 120 138 148 157 268 280 295 308 311 329 347 364 717 719 738 757 766 782 795 814 832 858 859 911 929 932 939 951 957 964 974 993 1036 1047 1121 1177 1245 1254 1273 1293 1312 1382 1395 1581 1597 1686 1703 1720 1738 1739 1743 1831 1846 1857 1865 1876 1927 1942 1957 2076 2089 2101 2174 2259 2305 2310 2312 2496 2505 2650 2682 2742 2746 2749 2912 2992 3002 3022 3026 3032 3067 3178 3194 3244 3261 3277 3284 3298 3318 3322 3331 3345 3494 3503 3517 3518 
0 20 35 87 98 234 240 255 345 346 356 521 540 554 573 608 692 694 755 771 804 889 957 973 988 1167 1182 1200 1216 1219 1232 1309 1457 1462 1617 1640 1690 1719 1726 1733 1742 1823 1841 1860 1871 1884 1891 2013 2080 2249 2261 2281 2291 2398 2408 2417 2448 2451 2495 2547 2597 2599 2670 2762 2786 2802 2806 2851 2973 3041 3054 3067 3121 3278 3296 3307 3310 3393 3399 3412 3415 3495 3503 3523 3538 3547 3665 3676 3693 3708 3860 3874 3889 3901 3908 4021 4055 4058 4260 4268 
0 17 34 39 131 133 147 167 183 203 208 212 223 279 294 309 310 370 388 413 431 537 566 765 782 786 798 1084 1257 1275 1290 1571 1664 1669 1676 1689 1702 1719 1806 1823 1831 1837 1841 1892 1894 1953 1969 1978 1992 2006 2010 2029 2102 2147 2189 2235 2250 2279 2382 2401 2404 2408 2426 2461 2463 2706 2716 2733 2748 2758 2917 3026 3037 3129 3245 3252 3268 3279 3328 3343 3369 3389 3409 3508 3523 3540 3551 3560 3653 3667 3684 3689 3727 3733 3740 3774 3809 3828 3838 3874 
0 39 44 167 402 444 448 531 688 703 834 851 860 880 885 900 919 1017 1031 1051 1058 1231 1238 1252 1273 1283 1333 1353 1370 1386 1401 1452 1468 1483 1626 1640 1716 1721 1739 1752 1794 1809 1828 1874 1892 1907 1912 2024 2030 2156 2182 2189 2457 2489 2614 2714 2730 2740 2753 2767 2781 2800 2801 2844 2976 2994 3008 3019 3022 3081 3164 3182 3199 3215 3241 3324 3340 3511 3512 3673 3689 3696 3716 3721 3878 3898 3908 3921 3935 4080 4083 4099 4115 4133 4137 4150 4170 4215 4518 4528 
0 12 16 25 37 85 92 110 136 151 175 216 255 266 320 334 471 475 496 544 564 576 591 600 731 753 861 899 959 1032 1051 1090 1290 1309 1341 1569 1588 1597 1647 1757 1771 1847 1916 2044 2048 2065 2079 2097 2117 2299 2311 2464 2479 2481 2577 2582 2634 2674 2694 2708 2728 2748 2758 2775 2786 2800 2803 2950 2964 2976 2994 3011 3031 3299 3316 3328 3365 3376 3394 3402 3542 3553 3559 3752 3760 3765 3789 3937 3942 3955 4002 4011 4029 4247 4265 4275 4331 4346 4347 4380 
0 12 40 62 81 87 106 121 186 197 204 218 229 245 379 399 419 475 508 532 687 694 713 732 738 757 790 869 880 887 1080 1148 1159 1228 1289 1315 1326 1504 1516 1583 1603 1617 1628 1643 1656 1666 1685 1730 1739 1750 1751 1762 1858 1877 1895 1913 1926 1931 2036 2261 2281 2372 2385 2402 2414 2425 2436 2439 2457 2477 2675 2690 2706 2720 2807 2825 2839 2874 2974 2992 3008 3014 3029 3119 3245 3253 3264 3278 3296 3308 3335 3344 3371 3530 3535 3613 3617 3635 3694 3695 
4 26 81 99 104 149 165 214 319 328 336 399 424 434 450 477 491 542 553 572 586 593 600 697 703 721 726 851 866 884 900 901 920 937 954 966 1233 1250 1337 1355 1374 1394 1408 1471 1480 1488 1623 1628 1761 1763 1821 1830 1860 1874 2169 2174 2219 2222 2288 2297 2298 2325 2415 2433 2471 2490 2498 2519 2530 2635 2668 2700 2803 2895 2919 2928 3073 3077 3085 3261 3280 3373 3392 3400 3415 3426 3432 3587 3592 3599 3615 3634 3645 3699 3707 3714 3729 3786 3804 3875 
0 11 45 127 137 143 162 177 179 249 286 323 335 440 539 552 566 615 835 949 963 979 1003 1008 1158 1175 1306 1323 1337 1432 1477 1661 1776 1785 1809 1814 1828 1836 1843 1847 1876 1950 1960 1975 1988 1998 2029 2036 2077 2184 2190 2232 2234 2251 2265 2285 2294 2401 2498 2504 2519 2535 2579 2583 2662 2693 2735 2747 2842 2853 2872 2889 2998 3022 3026 3040 3067 3072 3095 3105 3112 3146 3156 3264 3271 3295 3303 3344 3345 3400 3456 3468 3472 3523 3547 3559 3574 3586 3610 3655 
0 18 37 56 62 65 97 109 115 142 156 181 308 446 454 465 482 494 532 537 555 571 578 615 617 814 832 845 861 864 968 975 979 1080 1130 1203 1214 1228 1306 1326 1332 1352 1401 1416 1417 1597 1607 1617 1633 1712 1732 1743 1763 1826 1843 1860 1862 1972 1978 1984 2001 2018 2034 2050 2060 2068 2085 2099 2123 2150 2191 2198 2217 2233 2234 2280 2348 2358 2359 2484 2499 2513 2598 2678 2705 2746 2748 2752 2852 2866 2878 2895 2906 3032 3052 3067 3081 3089 3104 3150 
0 19 40 56 214 224 247 251 265 282 298 318 330 403 411 427 601 603 611 693 712 784 846 858 859 918 923 1094 1219 1230 1286 1298 1311 1469 1477 1480 1494 1497 1663 1664 1676 1792 1798 1876 1902 2060 2166 2197 2198 2220 2232 2253 2297 2310 2326 2442 2462 2482 2560 2648 2721 2759 2778 2826 3018 3035 3068 3072 3125 3126 3323 3340 3352 3366 3383 3395 3415 3433 3477 3484 3489 3619 3627 3642 3662 3680 3690 3921 4216 4226 4343 4428 4558 4561 4564 4577 4594 4604 4624 4710 
0 11 27 43 62 82 118 146 159 219 230 248 299 519 527 578 629 836 843 872 1027 1033 1053 1062 1088 1125 1168 1175 1258 1274 1277 1324 1344 1350 1370 1371 1468 1471 1482 1597 1614 1747 1764 1777 1785 1796 1805 1827 1843 1859 2017 2150 2168 2182 2233 2311 2321 2338 2354 2372 2374 2404 2414 2428 2436 2453 2596 2610 2725 2740 2791 2808 2828 2858 3090 3105 3125 3139 3154 3171 3461 3478 3494 3502 3650 3729 3747 3757 3772 3780 3789 3799 3812 3905 4012 4073 4079 4096 4112 4216 
0 6 7 16 33 56 76 94 114 116 129 135 176 337 355 366 411 420 437 507 666 738 937 1033 1037 1168 1372 1391 1495 1669 1702 1752 1761 1771 1976 2012 2024 2032 2155 2158 2165 2182 2201 2330 2335 2508 2526 2541 2730 2731 2748 2766 2800 2836 2839 2914 2919 2931 2985 2995 3060 3066 3085 3199 3207 3221 3222 3239 3311 3318 3338 3354 3399 3608 3619 3747 3763 3777 3790 3803 3805 3811 3908 3949 3966 3986 4004 4021 4024 4032 4062 4131 4146 4178 4189 4389 4397 4502 4535 4583 
0 18 37 55 57 159 220 321 367 386 399 409 448 501 536 545 597 608 611 620 865 880 971 1045 1057 1252 1253 1266 1273 1380 1522 1731 1747 1768 1781 1807 1819 1822 1824 1856 1861 1879 1892 1905 1918 1933 1953 1972 1975 2178 2191 2209 2213 2231 2239 2335 2402 2411 2430 2453 2465 2541 2550 2699 2710 2716 2731 2935 2964 2975 2984 3000 3046 3063 3073 3089 3116 3252 3269 3280 3396 3413 3426 3433 3453 3553 3555 3702 3717 3730 3846 3887 3902 3914 4032 4040 4129 4138 4157 4171 
0 36 55 152 272 288 291 310 318 347 355 366 384 385 530 545 615 734 738 756 908 914 928 948 955 994 1068 1083 1159 1192 1208 1220 1235 1254 1274 1290 1323 1333 1530 1538 1653 1669 1677 1787 1797 1801 1808 1827 1844 1856 1870 1885 1905 1911 2098 2149 2164 2178 2198 2328 2385 2453 2471 2484 2499 2606 2626 2646 2649 2655 2724 2746 2806 2826 2834 2865 2902 2928 3045 3057 3073 3087 3244 3246 3247 3296 3308 3324 3346 3354 3367 3423 3437 3443 3476 3574 3620 3647 3648 3650 
0 17 39 124 129 209 240 246 269 272 305 320 324 372 410 539 559 560 564 576 588 738 755 908 959 1114 1132 1254 1550 1559 1573 1592 1606 1657 1658 1778 1821 1827 1856 1866 1889 1931 1948 1958 1972 1992 2012 2021 2095 2154 2172 2216 2230 2249 2262 2338 2343 2408 2415 2513 2646 2655 2730 2762 2778 2792 2806 2812 2827 2905 3140 3148 3225 3263 3415 3455 3478 3496 3647 3716 3974 3986 4205 4218 4237 4250 4316 4325 4343 4561 4579 4582 4647 4670 4678 4693 4702 4708 4724 4741 
0 48 195 400 726 740 756 768 779 790 905 918 933 1013 1018 1050 1062 1135 1152 1165 1183 1200 1202 1211 1229 1332 1457 1468 1483 1684 1771 1796 1850 1860 1872 1882 1888 1951 1994 2011 2025 2035 2054 2056 2188 2196 2286 2365 2478 2494 2512 2531 2546 2563 2579 2592 2749 2793 2803 2819 2822 2888 2899 2914 3033 3074 3158 3178 3190 3354 3359 3363 3390 3429 3538 3539 3602 3622 3641 3704 3763 3766 3835 3836 3969 3972 3989 3999 4173 4192 4197 4215 4339 4349 4366 4426 4428 4448 4461 4470 
12 32 40 56 75 94 101 105 177 195 208 232 239 298 359 369 380 387 509 528 561 573 592 697 705 732 769 787 822 834 838 855 915 925 933 943 997 1005 1033 1044 1068 1079 1093 1487 1497 1614 1749 1757 1779 1825 1837 1855 1932 1949 1957 2002 2012 2020 2035 2172 2196 2215 2235 2251 2257 2272 2278 2337 2355 2490 2493 2508 2525 2527 2646 2663 2678 2686 2706 2707 2751 2761 2999 3012 3063 3082 3102 3116 3128 3229 3240 3258 3261 3286 3400 3408 3423 3442 3456 3476 
0 13 18 34 50 67 116 128 146 159 174 208 219 227 274 289 305 326 337 495 509 527 540 558 569 579 646 823 824 867 872 877 990 998 1047 1085 1090 1259 1270 1281 1422 1440 1615 1619 1639 1651 1669 1686 1692 1766 1864 1874 1879 1944 1951 1964 2157 2315 2322 2340 2350 2365 2438 2457 2526 2532 2535 2549 2619 2639 2745 2760 2850 2936 3007 3017 3026 3084 3091 3164 3171 3191 3204 3223 3232 3246 3265 3365 3415 3416 3432 3458 3657 3669 3674 3683 3685 3823 3967 4346 
0 67 76 98 104 183 187 189 232 440 460 472 485 544 759 765 878 984 1013 1028 1049 1068 1072 1183 1250 1395 1399 1401 1419 1427 1508 1687 1702 1712 1725 1745 1776 1791 1807 1815 1832 1846 1863 1868 1894 1996 2116 2123 2143 2164 2192 2193 2208 2221 2234 2242 2503 2518 2528 2720 2736 2760 2767 2774 2788 2806 2822 2843 2847 2990 3016 3036 3046 3050 3069 3155 3160 3214 3236 3251 3260 3274 3275 3419 3439 3483 3500 3557 3700 3719 3754 3772 3813 3826 3844 3861 3867 3878 3891 4190 
17 31 60 132 165 180 187 223 236 256 265 360 479 499 508 523 539 573 593 609 625 667 687 692 733 746 763 773 845 859 878 914 919 940 1063 1072 1084 1195 1197 1207 1305 1394 1586 1605 1624 1638 1642 1813 1824 1831 2139 2182 2190 2289 2300 2311 2441 3027 3045 3052 3142 3252 3264 3404 3406 3412 3452 3458 3478 3485 3496 3623 3630 3631 3661 3705 3777 3793 3809 3966 3981 4004 4012 4023 4191 4302 4314 4555 4559 4564 4616 4627 4644 4646 4654 4670 4679 4712 4769 4771 
0 20 34 54 76 166 184 269 272 335 350 427 444 458 469 480 688 762 884 900 919 923 941 959 998 1016 1031 1051 1067 1080 1160 1311 1370 1380 1401 1515 1526 1697 1719 1792 1841 2066 2074 2113 2125 2144 2164 2177 2197 2217 2235 2255 2265 2423 2475 2482 2626 2721 2735 2749 2762 2782 2912 2951 2964 3099 3108 3123 3125 3136 3277 3296 3419 3434 3458 3463 3482 3500 3501 3511 3536 3569 3623 3690 3696 3704 3828 3880 3902 3910 3917 3938 3951 3964 3980 4029 4033 4159 4448 4454 
0 12 30 77 84 89 101 227 232 252 272 273 283 339 400 594 605 623 747 764 847 971 978 993 1008 1021 1071 1075 1115 1230 1267 1268 1281 1291 1368 1441 1638 1649 1764 1782 1799 1948 2041 2158 2167 2171 2184 2198 2329 2343 2443 2459 2463 2550 2666 2683 2700 2720 2730 2735 2781 2801 2819 2878 2889 2901 2916 2934 2940 2991 3075 3097 3102 3214 3225 3231 3245 3265 3277 3293 3343 3361 3558 3561 3572 3902 3910 3920 3922 3964 3971 3981 4432 4500 4592 4627 4640 4647 4678 4752 
5 34 53 64 71 151 224 241 249 388 462 479 495 545 642 657 709 735 753 830 865 870 880 1144 1149 1185 1199 1212 1274 1286 1305 1308 1385 1643 1658 1675 1703 1750 1994 2004 2315 2321 2329 2350 2353 2355 2374 2383 2528 2671 2688 2775 2784 2795 2806 2808 2945 2960 3014 3024 3088 3090 3296 3328 3362 3374 3552 3559 3570 3888 3966 3983 3997 4008 4018 4186 4196 4216 4287 4303 4316 4354 4371 4386 4391 4411 4428 4432 4446 4462 4481 4608 4627 4638 4653 4656 4662 4800 4947 4960 
5 23 96 154 182 266 287 383 398 428 438 452 538 570 675 680 718 797 888 894 915 933 1149 1226 1437 1524 1689 1692 1817 1843 1853 2065 2119 2130 2142 2154 2261 2264 2283 2302 2356 2437 2605 2609 2813 2863 2880 2897 2910 2972 2990 3036 3041 3052 3139 3152 3164 3225 3375 3390 3405 3500 3621 3777 3782 3785 3876 3898 3907 4105 4219 4308 4345 4355 4464 4481 4487 4499 4513 4524 4542 4642 4645 4656 4931 4948 4951 4960 4966 4976 4982 4989 5002 5007 5015 5026 5034 5048 5050 5064 
4 28 34 53 67 79 121 174 192 240 243 257 263 302 397 413 429 439 474 489 501 519 553 691 706 707 721 730 742 810 830 844 855 870 1020 1051 1055 1076 1094 1211 1236 1254 1363 1366 1378 1385 1405 1440 1489 1510 1722 1742 1750 1849 1863 1935 1989 2008 2024 2175 2191 2201 2221 2279 2297 2312 2318 2459 2545 2564 2579 2627 2638 2655 2674 2706 2800 2806 2821 2834 2850 2863 2868 2974 2981 2998 3018 3031 3075 3089 3097 3280 3286 3295 3299 3321 3398 3403 3409 3496 
0 21 135 144 154 379 393 401 527 542 550 564 706 724 975 990 1010 1021 1075 1161 1175 1192 1205 1223 1232 1389 1525 1532 1731 1742 1761 1763 1771 1789 1809 1822 1838 1847 1848 1866 1984 2008 2128 2133 2144 2172 2229 2278 2411 2412 2690 2692 2706 2754 2775 2790 2792 2819 2830 2990 3017 3036 3053 3056 3087 3215 3235 3246 3279 3302 3304 3440 3498 3501 3513 3593 3612 3648 3710 3767 3775 3788 3790 3800 3844 3846 3863 3871 3882 3916 3936 3941 3956 4094 4109 4233 4422 4431 4451 4466 
0 69 105 125 135 151 156 163 177 233 235 284 379 388 648 653 658 673 690 698 826 837 844 863 953 973 1011 1026 1037 1055 1084 1100 1124 1131 1190 1208 1226 1231 1361 1378 1510 1522 1650 1661 1701 1734 1754 1769 1781 1787 1789 1792 1901 1916 1932 1950 1960 1966 1979 2035 2044 2085 2154 2168 2195 2203 2221 2333 2355 2356 2399 2412 2595 2611 2690 2783 2798 2806 2829 2866 2876 2889 2993 3008 3024 3097 3293 3356 3369 3435 3630 3642 3654 3655 3683 3761 3772 3774 3787 3806 
0 94 107 121 238 413 425 470 481 488 500 597 625 643 652 668 761 910 919 936 995 1121 1215 1256 1273 1547 1557 1726 1731 1734 1749 1765 1914 1961 1973 1984 2004 2015 2023 2076 2079 2183 2204 2219 2311 2339 2352 2408 2414 2431 2444 2461 2468 2493 2510 2529 2768 2787 2959 3018 3028 3182 3183 3187 3203 3219 3228 3242 3272 3289 3296 3316 3324 3409 3525 3576 3588 3600 3620 3635 3651 3669 3676 3697 3716 3736 3748 3762 3772 3776 3888 4051 4146 4154 4388 4397 4410 4423 4432 4436 
0 18 37 43 54 69 112 132 151 286 327 440 499 505 517 535 545 738 750 926 931 978 985 1005 1020 1097 1136 1153 1225 1250 1265 1295 1306 1326 1341 1351 1368 1589 1606 1751 1759 1810 1820 1836 1856 1960 1975 1989 1991 2011 2020 2028 2259 2278 2287 2299 2309 2382 2479 2499 2592 2612 2731 2744 2784 2795 2847 2959 2974 2990 3046 3047 3059 3074 3148 3168 3179 3359 3374 3379 3397 3444 3445 3458 3477 3494 3508 3523 3547 3559 3572 3708 3720 3733 3772 3783 3904 3907 3926 3961 
7 25 36 84 112 219 298 460 471 485 502 519 539 546 658 662 752 766 784 803 811 821 836 837 845 865 881 890 897 928 940 959 969 1131 1170 1176 1177 1309 1401 1404 1408 1423 1434 1518 1568 1584 1604 1621 1637 1652 1665 1676 1685 1712 1713 1891 1894 1899 1914 2118 2132 2158 2191 2210 2247 2264 2267 2280 2419 2437 2490 2504 2517 2531 2543 2562 2579 2594 2614 2634 2648 2666 2669 2685 2701 2774 2794 2893 2917 2968 3082 3102 3104 3277 3311 3324 3342 3351 3355 3453 
0 17 74 81 83 150 167 181 205 241 252 263 395 411 431 446 539 591 611 948 968 980 981 998 1151 1162 1170 1278 1305 1306 1491 1500 1508 1522 1537 1544 1679 1700 1713 1737 1750 1830 1839 1919 1927 1943 1962 1967 2146 2152 2168 2184 2345 2360 2378 2465 2481 2482 2498 2523 2594 2688 2696 2720 2825 2842 2862 2889 2900 2920 2975 2977 2993 3013 3030 3085 3150 3276 3296 3330 3342 3419 3438 3455 3461 3475 3581 3735 3742 3754 3846 3914 4096 4105 4112 4132 4134 4147 4159 4491 
0 26 81 209 220 238 256 275 300 303 431 444 499 688 697 1003 1016 1033 1062 1066 1141 1148 1283 1620 1627 1638 1708 1794 1797 1894 1984 2043 2075 2264 2285 2343 2360 2479 2496 2504 2508 2528 2552 2599 2603 2618 2631 2741 2748 2813 2934 3023 3030 3094 3100 3405 3419 3434 3453 3473 3486 3495 3512 3520 3532 3552 3564 3576 3593 3642 3662 3679 3690 3778 3782 3847 3866 3880 3895 4099 4197 4200 4472 4475 4486 4492 4510 4529 4539 4548 4563 4577 4597 4725 4728 4730 4801 4804 4817 4826 
0 15 24 50 232 252 272 287 292 358 368 471 490 504 522 609 754 766 770 772 776 782 796 809 951 961 1055 1073 1090 1274 1340 1354 1618 1649 1653 1671 1787 1860 1949 2048 2066 2071 2172 2198 2216 2232 2400 2508 2692 2721 2723 2836 2842 2946 2959 2975 2993 3001 3015 3034 3051 3059 3225 3316 3371 3393 3395 3397 3409 3446 3458 3500 3512 3521 3523 3542 3754 3800 3873 3880 3896 3915 3962 3978 4014 4030 4043 4052 4253 4402 4419 4435 4453 4475 4480 4499 4518 4529 4539 4559 
0 154 160 274 284 287 301 309 323 329 341 502 521 523 657 673 685 700 812 856 867 918 1080 1154 1171 1199 1229 1246 1258 1268 1285 1312 1462 1469 1698 1757 1882 1894 1909 1914 1925 1932 2178 2184 2194 2227 2244 2248 2279 2301 2303 2319 2328 2510 2519 2533 2634 2642 2661 2911 2924 2939 2957 2964 2982 3055 3061 3067 3178 3523 3539 3562 3806 3812 3889 3905 3906 3923 3942 3947 3961 3992 4004 4005 4107 4385 4405 4419 4432 4438 4455 4457 4464 4574 4583 4599 4608 4679 4708 4724 
0 107 164 207 227 230 256 274 279 288 308 334 344 411 430 511 573 591 665 684 713 725 773 885 900 959 1079 1085 1191 1438 1458 1469 1639 1648 1664 1666 1733 1743 1777 1792 1802 1821 1835 1851 1868 1869 2027 2030 2189 2200 2471 2484 2716 2740 2750 2763 2858 2925 2938 3017 3232 3278 3374 3383 3397 3405 3409 3445 3458 3472 3488 3507 3517 3520 3533 3550 3564 3581 3598 3617 3675 3688 3780 3783 3799 3974 3976 3988 4003 4012 4022 4038 4056 4118 4200 4542 4555 4656 4734 4748 
0 13 82 91 115 119 127 143 156 423 438 454 708 724 735 787 807 813 830 850 919 929 946 987 991 1002 1073 1080 1092 1195 1202 1212 1226 1235 1310 1339 1350 1424 1601 1618 1636 1656 1659 1680 1699 1777 1837 1847 1978 2008 2012 2057 2058 2150 2227 2292 2373 2622 2633 2641 2788 2881 2894 2914 3061 3064 3076 3084 3119 3160 3222 3295 3310 3323 3342 3359 3374 3384 3393 3405 3412 3425 3451 3471 3585 3782 3785 3787 3794 4011 4029 4048 4064 4066 4470 4487 4488 4497 4583 4588 
18 61 65 80 146 154 168 188 189 450 455 576 589 601 620 639 725 793 861 969 990 999 1477 1652 1669 1686 1696 1702 1722 1723 1730 1745 1763 1777 1823 1827 1843 1863 2184 2196 2206 2224 2237 2250 2269 2290 2302 2392 2517 2537 2539 2558 2564 2580 2597 2609 2845 2862 2874 3032 3044 3059 3083 3093 3139 3159 3227 3299 3311 3501 3520 3559 3566 3646 3664 3889 3905 3922 4083 4147 4324 4544 4599 4615 4626 4644 4777 4796 4815 4821 4831 4837 4854 4866 4876 4895 4899 4917 4927 4932 
10 26 37 76 80 87 143 166 185 199 319 343 384 478 498 517 524 544 642 657 669 692 702 720 732 742 754 762 777 790 810 826 846 860 873 968 984 997 1002 1005 1089 1149 1161 1329 1369 1386 1395 1522 1720 1738 1797 1848 1872 1876 1893 1927 1941 1958 2033 2050 2149 2268 2398 2401 2415 2422 2442 2461 2478 2494 2503 2514 2525 2644 2662 2729 2799 2994 3212 3218 3225 3304 3319 3335 3351 3432 3464 3716 3731 3871 3881 3888 3895 4364 4371 4380 4389 4407 4427 4435 
37 44 48 64 93 246 252 266 286 322 337 340 504 553 564 704 729 919 1008 1080 1090 1110 1125 1144 1285 1294 1343 1459 1738 1750 1766 1960 2060 2065 2138 2174 2190 2197 2252 2279 2292 2417 2423 2744 2746 2750 2910 2912 2925 2936 2940 2957 3022 3026 3046 3059 3105 3113 3133 3191 3413 3539 3544 3655 3665 3696 3716 3835 3844 3862 3878 3892 3912 3925 3940 3954 3974 3983 4099 4114 4118 4124 4183 4189 4451 4458 4475 4491 4503 4523 4524 4611 4628 4667 4681 4911 4927 5026 5027 5044 
0 17 25 77 84 107 126 144 150 170 198 214 221 364 379 386 417 513 609 624 644 768 818 828 1005 1013 1031 1048 1054 1055 1144 1224 1226 1328 1348 1566 1570 1582 1586 1606 1608 1763 1783 1790 1793 1892 1901 2054 2205 2218 2231 2245 2445 2549 2687 2778 2829 2845 2949 2960 2979 3062 3064 3218 3234 3252 3294 3391 3397 3420 3433 3443 3520 3524 3545 3552 3576 3583 3601 3749 3754 3770 3786 3840 3844 3864 3877 3956 3971 3999 4002 4019 4035 4052 4065 4334 4345 4359 4374 4378 
0 65 116 131 134 144 150 159 167 174 192 379 397 409 430 451 470 605 622 640 654 730 790 810 818 956 975 985 999 1012 1023 1054 1081 1088 1108 1271 1278 1281 1340 1343 1362 1399 1658 1669 1680 1724 1736 1752 1812 1831 1847 1862 1877 1994 2002 2039 2041 2285 2303 2323 2329 2463 2473 2499 2512 2645 2650 2798 2909 3055 3062 3318 3322 3326 3346 3376 3385 3404 3425 3492 3511 3518 3530 3549 3556 3623 3644 3691 3722 3741 3750 3764 3783 3867 3880 3883 3951 4021 4022 4115 
2 18 32 40 60 76 94 105 120 136 153 205 212 231 249 266 284 297 306 314 388 522 694 702 713 746 798 818 836 851 859 1085 1101 1117 1135 1148 1156 1160 1183 1299 1310 1322 1325 1665 1668 1686 1785 1881 2000 2017 2024 2270 2298 2479 2495 2512 2520 2748 2760 2769 2975 2985 3003 3067 3210 3237 3252 3289 3328 3340 3351 3364 3438 3439 3451 3471 3489 3496 3546 3684 3708 3729 3771 3836 3855 3878 3945 3965 4019 4559 4565 4583 4593 4611 4693 4963 4983 4988 4997 5015 
2 23 39 43 57 112 124 232 236 272 283 285 367 437 450 489 717 719 723 835 1125 1126 1175 1182 1196 1202 1212 1223 1250 1253 1267 1400 1417 1437 1457 1471 1488 1508 1513 1685 1718 1728 1781 1829 1849 1857 1871 1885 1901 1908 1989 2005 2011 2018 2130 2208 2284 2302 2504 2587 2758 2759 2774 2793 2809 2818 3040 3370 3384 3403 3416 3424 3440 3451 3463 3466 3480 3561 3572 3643 3767 3785 3804 3812 3920 3932 3946 3962 3967 4039 4043 4090 4101 4118 4129 4154 4174 4189 4199 4410 
20 35 54 71 77 94 121 131 172 177 336 462 488 566 580 597 609 619 756 774 789 862 894 920 979 1110 1122 1172 1179 1199 1399 1410 1434 1452 1453 1551 1683 1700 1702 1715 1726 1737 1757 1786 1975 1999 2221 2236 2245 2293 2444 2499 2508 2541 2546 2552 2692 2694 2709 2720 2721 2794 2853 2946 2950 3047 3183 3194 3195 3212 3472 3490 3508 3549 3559 3564 3680 3694 3696 3711 3829 3853 3966 3970 3977 4068 4079 4090 4099 4109 4127 4229 4234 4406 4428 4458 4599 4607 4623 4706 
23 61 71 76 95 108 160 174 178 185 190 255 358 369 375 377 388 396 490 535 554 564 713 777 793 893 905 940 942 1072 1081 1166 1174 1235 1255 1286 1304 1320 1336 1342 1408 1425 1440 1441 1455 1458 1477 1721 1743 1750 1770 1778 1805 1818 2096 2113 2130 2149 2154 2165 2181 2189 2302 2315 2324 2339 2346 2365 2415 2446 2609 2628 2633 2642 2703 2826 2842 2843 2855 2866 2930 2942 2958 3036 3040 3099 3195 3212 3222 3241 3244 3322 3466 3475 3489 3491 3511 3673 3681 3699 
0 44 72 78 199 336 349 368 474 488 768 785 800 819 826 845 858 964 1026 1033 1035 1053 1059 1104 1145 1236 1237 1508 1557 1568 1586 1606 1615 1658 1781 1851 1863 1884 1892 1907 1945 1961 1988 1998 2007 2083 2089 2109 2113 2126 2234 2243 2358 2368 2382 2494 2515 2524 2531 2561 2660 2676 2758 2773 2780 2791 2854 2994 3078 3092 3111 3130 3146 3160 3290 3304 3366 3378 3623 3742 3758 3804 3824 3905 3910 4008 4022 4048 4049 4268 4273 4293 4307 4321 4331 4348 4351 4387 4428 4448 
55 65 79 212 232 252 256 271 280 321 322 327 370 478 501 549 552 558 702 740 750 758 836 984 993 1013 1022 1024 1048 1050 1077 1083 1089 1253 1387 1410 1606 1620 1625 1644 1670 1686 1706 1722 1782 1795 1834 1839 1859 1920 1945 1967 1970 1981 2000 2025 2213 2310 2329 2345 2583 2588 2650 2785 2797 2816 2878 2895 2912 2928 2945 2959 3022 3089 3101 3117 3305 3317 3410 3428 3458 3555 3568 3585 3626 3632 3698 3886 3890 3906 4005 4019 4026 4033 4273 4274 4287 4295 4310 4395 
25 43 62 77 93 117 135 153 171 193 270 295 304 349 378 393 400 404 525 673 692 698 746 756 851 869 959 1029 1065 1085 1093 1180 1517 1531 1547 1550 1653 1657 1751 1786 1871 2011 2017 2026 2037 2045 2222 2251 2321 2323 2425 2437 2456 2469 2484 2766 2818 2824 2836 2940 2941 3005 3024 3034 3048 3127 3142 3152 3170 3186 3440 3443 3460 3546 3682 3824 3831 3845 3864 3871 3995 4020 4035 4055 4071 4475 4496 4508 4519 4521 4533 4558 4577 4584 4615 4632 4640 4656 4674 4678 
1 17 28 84 169 189 208 219 235 245 300 309 345 348 622 642 732 869 873 992 997 1015 1034 1040 1052 1068 1082 1092 1112 1116 1124 1293 1300 1319 1619 1636 1642 1647 1663 1680 1689 1745 1757 1901 2158 2241 2343 2362 2382 2398 2608 2626 2631 2782 2820 2831 2934 2953 2959 2978 3029 3051 3069 3075 3110 3280 3310 3339 3505 3824 3891 3903 3922 3927 3940 4242 4355 4462 4463 4470 4488 4508 4523 4542 4558 4576 4583 4599 4613 4627 4960 4963 4988 5000 5087 5091 5099 5107 5118 5131 
20 122 131 146 188 199 425 438 451 458 470 482 496 507 520 539 546 672 690 707 843 861 1090 1110 1268 1281 1295 1342 1348 1733 1748 1768 1868 1992 2003 2012 2099 2126 2136 2215 2227 2236 2272 2288 2401 2419 2423 2442 2659 2754 2825 2836 2908 3082 3271 3276 3361 3376 3430 3438 3440 3588 3597 3606 3614 3616 3846 3858 4098 4117 4134 4149 4159 4173 4316 4320 4333 4419 4435 4470 4472 4481 4516 4548 4580 4585 4605 4606 4624 4634 4652 4669 4682 4699 4709 4711 4717 4738 4940 4948 
0 16 26 40 60 77 302 322 491 500 504 518 537 545 548 566 705 723 831 848 849 933 1090 1109 1316 1367 1380 1497 1515 1596 1711 1860 1945 1955 1960 1987 2074 2177 2192 2210 2212 2242 2254 2259 2409 2425 2444 2504 2705 2774 2785 2804 2819 2918 2921 2940 2956 2968 3006 3022 3072 3194 3200 3219 3252 3253 3422 3441 3472 3516 3651 3665 3779 3812 3824 3843 3946 3950 4139 4157 4159 4359 4362 4367 4481 4496 4638 4649 4663 4675 4683 4946 4952 4970 4976 4996 5011 5014 5026 5042 
36 53 59 74 77 159 166 216 241 259 268 286 293 347 359 369 420 472 489 498 512 703 736 786 796 808 1064 1067 1111 1168 1186 1264 1326 1467 1672 1684 1689 1729 1743 1801 1933 1948 1960 2128 2135 2151 2375 2380 2532 2601 2602 2700 2708 2842 2846 2864 2881 2888 2975 3056 3072 3084 3096 3106 3317 3419 3438 3458 3463 3479 3489 3569 3582 3627 3846 3860 3895 3999 4011 4015 4237 4256 4271 4288 4302 4316 4334 4344 4354 4359 4364 4375 4389 4402 4487 4502 4513 4522 4542 4732 
8 24 35 64 81 99 101 116 229 243 488 517 533 546 719 720 806 820 851 975 986 1003 1020 1147 1164 1182 1215 1220 1235 1250 1269 1279 1398 1418 1437 1455 1459 1548 1797 1806 1811 1874 1890 1909 1931 1940 2133 2250 2269 2286 2290 2305 2316 2332 2531 2545 2562 2573 2661 2681 2798 2839 2856 2873 2887 2980 3190 3194 3199 3340 3341 3568 3576 3596 3610 3618 3625 3639 3721 3739 3757 3787 3807 3812 3829 3838 3933 4288 4306 4427 4435 4481 4508 4516 4529 4544 4563 4570 4620 4640 
0 19 165 184 207 216 222 280 330 345 377 407 425 440 447 460 473 503 711 717 724 741 809 1178 1191 1236 1298 1315 1324 1472 1487 1658 1734 1782 1803 1868 1869 1877 1898 1925 1926 1929 1940 2107 2167 2190 2203 2215 2231 2242 2259 2323 2329 2343 2375 2524 2534 2655 2671 2685 2701 2716 2759 2866 2873 2956 3005 3111 3160 3178 3183 3307 3470 3528 3564 3687 3713 3844 3991 4005 4079 4094 4107 4123 4186 4496 4498 4542 4545 4565 4576 4582 4588 4604 4615 4616 4724 4737 4741 4752 
0 16 36 47 88 96 151 178 190 207 346 359 407 425 428 485 547 690 692 941 959 971 990 1018 1029 1100 1112 1124 1136 1171 1196 1202 1364 1373 1384 1404 1424 1437 1457 1472 1488 1517 1631 1656 1664 1678 1686 1694 1801 1847 1858 1888 1904 2164 2182 2191 2204 2256 2258 2272 2281 2289 2437 2445 2972 2991 3044 3058 3078 3105 3109 3155 3164 3250 3260 3461 3512 3554 3631 3714 3878 3887 3903 3918 3937 4114 4123 4126 4135 4274 4294 4296 4306 4389 4405 4419 4453 4465 4475 4480 
0 9 28 43 97 112 121 135 142 154 170 355 368 379 430 444 457 474 485 488 492 497 585 603 622 634 1026 1051 1060 1075 1165 1182 1220 1265 1279 1307 1311 1319 1430 1562 1625 1704 1713 1969 1972 1991 2009 2010 2156 2217 2233 2326 2335 2563 2581 2650 2651 2694 2710 2712 2714 2723 2763 2783 2798 2806 2968 2988 2996 3000 3064 3177 3197 3200 3205 3269 3290 3359 3371 3374 3491 3528 3546 3679 3682 3827 3846 3857 3873 3880 4210 4216 4228 4510 4563 4566 4578 4579 4654 4694 
4 16 25 45 71 88 105 144 162 177 209 223 264 313 323 335 340 348 469 479 488 508 702 714 732 766 837 941 951 970 1092 1097 1176 1229 1326 1340 1352 1369 1385 1485 1750 1753 1822 1833 1838 1879 1894 1910 1925 1966 2017 2025 2037 2046 2056 2062 2165 2236 2251 2267 2299 2307 2310 2330 2412 2414 2434 2513 2608 2626 2644 2662 2665 2693 2766 2876 2894 2906 3022 3030 3059 3069 3084 3104 3108 3124 3131 3139 3235 3239 3352 3370 3378 3393 3394 3399 3406 3407 3466 3482 
0 27 74 89 92 103 154 169 202 220 239 258 306 311 366 427 429 481 494 522 526 544 547 669 687 724 735 755 819 846 861 1001 1014 1042 1050 1070 1083 1099 1217 1236 1436 1643 1661 1676 1683 1835 1837 1855 1861 2089 2196 2213 2238 2256 2270 2279 2423 2430 2435 2437 2517 2531 2535 2676 2689 2707 2873 2878 2893 2897 2917 2937 2990 2994 3009 3200 3213 3231 3248 3259 3265 3278 3290 3475 3478 3498 3503 3517 3525 3542 3558 3691 3705 3725 3775 3789 3799 3864 3880 3898 
0 46 52 72 88 94 162 181 328 334 351 378 381 392 403 449 520 558 707 776 867 899 988 1005 1014 1070 1131 1145 1164 1177 1214 1312 1471 1484 1487 1502 1515 1530 1548 1738 1748 1764 1781 1833 1865 1882 1894 1913 1997 2008 2025 2043 2065 2076 2095 2180 2189 2226 2272 2290 2323 2338 2357 2373 2386 2389 2400 2412 2423 2439 2442 2610 2784 2862 2876 2893 2911 2928 2946 2957 2973 3104 3112 3129 3401 3412 3413 3430 3495 3501 3544 3581 3591 3611 3629 3642 3689 3700 3717 3720 
0 35 54 69 144 204 224 334 347 364 369 382 509 719 725 734 757 774 873 893 908 1121 1254 1273 1291 1309 1366 1408 1795 1814 1853 1871 1910 1922 1934 1935 1939 1960 1979 2015 2101 2152 2216 2220 2267 2270 2286 2304 2306 2315 2439 2448 2577 2596 2601 2604 2622 2743 2763 2916 2934 2940 2977 2992 3038 3047 3146 3238 3346 3366 3379 3397 3415 3435 3444 3454 3480 3618 3633 3716 3718 3946 4002 4018 4030 4234 4253 4369 4391 4392 4403 4417 4425 4446 4458 4513 4614 4628 4642 4647 
31 80 91 120 131 171 191 208 284 302 315 449 694 711 729 745 760 767 869 885 900 1046 1056 1075 1085 1098 1101 1134 1191 1231 1245 1260 1317 1399 1409 1681 1700 1745 1766 1800 1806 1817 1894 1914 1933 1945 1957 1969 2119 2144 2155 2159 2233 2239 2257 2260 2279 2299 2303 2321 2580 2596 2654 2766 2777 2790 2831 2843 2863 2875 3006 3046 3071 3144 3147 3452 3455 3457 3463 3479 3599 3618 3628 3635 3758 3771 3774 3789 3903 4023 4037 4166 4172 4174 4369 4385 4396 4430 4444 4459 
0 19 20 43 54 231 235 263 318 333 468 470 707 708 983 1065 1084 1090 1185 1254 1318 1682 1686 1700 1709 1849 1868 1886 1901 1910 1912 2130 2191 2424 2443 2477 2711 2718 2730 2773 2793 2962 2981 3026 3126 3128 3180 3476 3493 3501 3505 3511 3599 3718 3937 3947 3966 3980 3999 4071 4087 4238 4251 4486 4501 4511 4551 4597 4616 4632 4644 4653 4728 4735 4749 4752 4763 4791 4804 4813 4816 4823 4835 4848 4849 4866 5042 5046 5054 5069 5075 5087 5107 5122 5126 5136 5149 5154 5167 5175 
10 39 67 80 81 99 154 252 294 312 313 319 464 559 580 593 862 933 943 957 1015 1034 1046 1063 1101 1115 1128 1147 1161 1206 1269 1437 1535 1555 1573 1605 1672 1687 1706 1720 1735 1742 1758 1776 1807 1809 1819 2013 2168 2281 2299 2315 2531 2542 2635 2778 2785 2921 3058 3075 3156 3276 3295 3311 3436 3500 3504 3523 3528 3541 3558 3792 3918 3951 3979 3991 4007 4020 4056 4074 4083 4090 4161 4175 4362 4370 4377 4393 4401 4405 4416 4441 4458 4472 4566 4571 4620 4639 4655 4670 
35 46 76 95 120 262 273 342 369 479 497 511 531 533 546 566 582 597 760 776 828 854 874 876 888 897 1020 1039 1105 1125 1220 1225 1243 1265 1479 1698 1714 1730 1878 1925 1945 2025 2038 2135 2158 2205 2239 2253 2269 2273 2412 2425 2473 2483 2505 2515 2530 2532 2550 2840 2910 3089 3197 3212 3228 3247 3249 3264 3278 3360 3373 3387 3421 3437 3468 3600 3742 3754 3871 3890 3910 3921 3941 3950 3951 3969 4007 4218 4234 4247 4265 4435 4443 4458 4582 4587 4594 4600 4614 4696 
25 53 80 87 104 113 125 185 189 199 221 279 298 314 328 346 363 429 442 446 454 458 521 534 550 592 692 900 915 972 987 1047 1063 1082 1090 1102 1117 1130 1150 1168 1203 1204 1348 1351 1490 1719 1752 1784 1841 1844 1895 2130 2141 2255 2279 2290 2321 2332 2512 2729 2752 2768 2775 2941 2958 2981 3018 3139 3246 3289 3389 3401 3419 3428 3439 3449 3617 3626 3674 3720 3730 3740 3756 3763 3785 3795 3809 3828 3832 3854 3861 3927 3946 4421 4492 4494 4505 4516 4632 4636 
10 78 79 96 134 149 303 355 371 382 392 404 424 472 488 502 520 540 549 601 779 798 942 953 1090 1153 1463 1471 1473 1497 1706 1726 1744 1751 1766 1782 1792 1876 2076 2096 2105 2115 2174 2269 2295 2429 2462 2479 2586 2596 2612 2705 2717 2722 2842 2847 2887 3004 3059 3129 3146 3154 3158 3228 3248 3262 3351 3367 3455 3465 3477 3481 3527 3543 3562 3766 3799 3925 3928 3940 3956 3965 3978 4003 4004 4016 4035 4053 4151 4374 4388 4406 4593 4605 4612 4620 4626 4638 4644 4650 
0 91 95 112 131 248 262 283 360 371 505 523 654 724 738 751 846 859 961 1052 1090 1103 1111 1112 1301 1469 1486 1493 1570 1589 1668 1679 1688 1720 1734 1745 1787 1807 1812 1830 1850 1855 1860 1876 1911 1922 2174 2183 2187 2291 2311 2314 2407 2493 2566 2689 2697 2717 2729 2737 2846 2863 2961 3064 3072 3366 3368 3377 3406 3422 3423 3443 3503 3682 3687 3720 3807 3820 3826 3971 3973 4123 4126 4170 4321 4335 4370 4380 4392 4399 4405 4420 4529 4539 4556 4573 4594 4596 4597 4704 
0 21 36 73 174 187 230 243 261 322 383 441 454 467 484 499 516 603 707 720 732 808 833 863 991 1001 1202 1204 1217 1279 1286 1290 1305 1493 1627 1631 1647 1677 1728 1798 1844 1866 1922 2063 2084 2093 2100 2107 2266 2321 2328 2474 2503 2658 2994 3026 3046 3063 3071 3112 3126 3151 3375 3391 3404 3439 3447 3469 3479 3489 3634 3650 3661 3676 3883 3907 3913 3931 4052 4068 4080 4098 4116 4126 4139 4174 4284 4320 4366 4380 4556 4571 4581 4761 4774 4778 4791 4801 4803 4816 
0 220 277 287 301 457 471 474 556 880 894 907 923 928 1063 1201 1206 1290 1309 1327 1660 1781 1798 1885 1937 1953 1969 1984 1985 1993 2157 2211 2227 2258 2269 2290 2301 2503 2514 2703 2721 2733 2739 2957 2975 3126 3139 3140 3465 3466 3471 3664 3666 3685 3915 3923 3928 4058 4069 4172 4187 4205 4209 4303 4313 4371 4389 4402 4422 4441 4450 4577 4689 4692 4709 4715 4729 4735 4738 4753 4760 4766 4770 4779 4783 4814 4899 4916 4935 4984 5080 5085 5095 5100 5106 5121 5136 5141 5158 5170 
25 35 44 109 126 191 204 219 256 325 335 353 382 420 435 440 532 609 720 732 763 796 946 950 969 986 1012 1150 1204 1219 1239 1304 1319 1332 1344 1358 1364 1371 1378 1405 1417 1607 1616 1617 1631 1748 1756 1765 1774 1797 1812 1863 1926 1972 2065 2080 2164 2322 2342 2344 2378 2392 2404 2422 2442 2456 2664 2728 2748 2762 2815 2832 2845 2992 3005 3010 3128 3159 3165 3232 3234 3239 3257 3295 3314 3368 3387 3424 3448 3508 3522 3538 3557 3575 3611 3622 3629 3647 3727 3735 
14 77 89 108 117 171 185 213 235 311 454 466 506 987 997 1066 1100 1128 1196 1211 1229 1236 1338 1391 1423 1631 1827 1830 1843 1869 1889 1891 2103 2123 2141 2156 2174 2179 2194 2201 2360 2379 2469 2486 2496 2518 2519 2531 2766 2775 2785 2826 2995 3064 3152 3271 3290 3300 3376 3417 3420 3428 3522 3642 3790 3895 4008 4143 4163 4174 4190 4205 4214 4215 4218 4557 4566 4575 4584 4597 4604 4607 4742 4771 4786 4800 4801 4804 4822 4895 4909 4911 4931 4940 4946 4965 4966 5154 5173 5177 
19 32 55 312 384 453 464 653 667 796 1016 1030 1056 1061 1079 1087 1090 1214 1332 1365 1372 1389 1401 1748 1751 1766 1778 1872 1886 1909 1932 1970 1973 2048 2065 2085 2092 2106 2125 2183 2197 2447 2619 2631 2785 2878 2897 2908 2959 2963 2980 3046 3054 3079 3101 3140 3155 3161 3162 3374 3375 3383 3402 3477 3480 3481 3596 3976 3995 4043 4044 4064 4073 4075 4416 4433 4455 4481 4559 4563 4571 4584 4603 4616 4770 4780 4787 4800 4802 4909 4928 4966 4984 4992 5043 5056 5063 5072 5087 5126 
55 63 109 116 125 145 160 177 185 191 238 257 279 349 352 372 388 475 489 498 504 520 521 534 795 801 1043 1099 1109 1157 1173 1192 1198 1211 1212 1222 1343 1687 1706 1820 1826 1841 1882 1975 1994 2013 2033 2048 2078 2243 2284 2317 2416 2429 2443 2708 2893 2906 2913 2925 2942 2956 2973 2987 2995 2998 3018 3035 3322 3341 3355 3391 3402 3415 3429 3503 3513 3598 3616 3649 3674 3693 3738 3756 3829 3835 3852 3864 3939 3956 3971 3978 3981 3999 4016 4403 4464 4484 4498 4500 
34 133 140 153 165 189 448 509 520 539 550 619 685 701 819 832 840 849 869 881 898 911 926 941 956 975 992 1003 1135 1150 1159 1196 1212 1386 1404 1422 1441 1459 1542 1554 1714 1726 1843 1845 1878 1947 2048 2057 2077 2085 2128 2131 2220 2253 2260 2450 2463 2479 2607 2629 2635 2655 2661 2701 2711 2799 2848 2856 2861 2989 2990 3000 3041 3061 3083 3211 3217 3225 3300 3319 3327 3337 3405 3498 3500 3646 3667 3736 3753 3767 3790 3801 3815 3829 3895 4052 4061 4324 4339 4359 
