2379
0 26 36 68 82 98 148 167 168 182 235 246 298 300 318 365 386 395 405 409 411 487 492 525 577 586 589 645 704 723 743 758 768 780 829 842 859 874 901 937 944 958 985 989 1043 1053 1065 1112 1185 1197 1198 1214 1233 1249 1254 1308 1326 1338 1345 1364 1395 1407 1466 1497 1503 1533 1553 1588 1606 1627 1680 1691 1693 1719 1738 1814 1827 1852 1854 1874 1877 1904 1941 1955 1963 1979 2025 2062 2093 2108 2123 2146 2173 2181 2182 2198 2217 2247 2270 2350 
0 3 10 65 75 117 140 142 168 175 199 203 319 326 341 365 370 386 405 425 500 510 517 535 551 562 609 626 634 642 653 693 743 781 797 813 821 862 885 891 923 939 957 1056 1067 1093 1103 1139 1171 1185 1187 1201 1256 1257 1266 1273 1392 1395 1412 1419 1435 1459 1461 1477 1488 1527 1533 1592 1597 1628 1655 1669 1685 1720 1762 1778 1802 1805 1818 1869 1902 1976 1988 2002 2004 2013 2025 2061 2101 2108 2121 2138 2156 2174 2200 2209 2214 2228 2245 2286 
0 5 29 56 72 132 149 157 167 185 202 210 299 318 333 348 365 371 397 426 433 459 498 525 528 532 555 575 636 658 727 740 753 773 792 798 851 895 897 937 946 959 1020 1035 1064 1084 1100 1116 1123 1134 1144 1163 1263 1274 1288 1361 1367 1380 1384 1416 1436 1451 1465 1541 1550 1569 1578 1593 1601 1610 1670 1683 1696 1703 1751 1793 1812 1817 1830 1847 1868 1933 1947 1958 1969 1993 2031 2081 2096 2108 2113 2188 2189 2208 2211 2213 2267 2299 2314 2318 
0 11 52 56 72 79 84 166 185 198 221 259 266 283 296 314 387 401 415 445 459 536 540 555 567 582 585 615 634 653 689 733 746 817 825 831 841 874 898 908 923 964 984 1002 1010 1027 1037 1061 1125 1175 1188 1200 1219 1238 1245 1277 1302 1356 1362 1364 1377 1465 1479 1488 1497 1568 1604 1615 1635 1657 1687 1696 1707 1769 1799 1816 1833 1847 1852 1905 1922 1940 1956 1975 2007 2038 2058 2072 2107 2108 2113 2132 2145 2203 2209 2247 2263 2273 2293 2304 
0 5 37 63 69 103 107 178 193 196 249 266 343 348 364 376 390 402 418 431 447 485 510 520 532 549 619 638 667 692 708 724 739 745 759 774 828 880 895 910 939 987 997 1010 1015 1052 1069 1077 1092 1104 1180 1227 1246 1252 1272 1283 1297 1351 1426 1431 1456 1489 1490 1496 1508 1523 1592 1596 1628 1632 1639 1647 1666 1717 1719 1755 1776 1787 1838 1861 1920 1925 1934 1953 1977 2019 2047 2057 2072 2115 2121 2131 2136 2198 2208 2226 2233 2287 2290 2311 
0 14 57 81 92 104 125 137 141 176 191 232 245 304 318 350 368 371 401 424 440 456 461 541 568 569 587 592 593 659 679 698 728 759 808 857 869 883 926 945 955 964 1027 1043 1046 1052 1069 1103 1126 1182 1192 1193 1260 1276 1290 1303 1345 1363 1394 1406 1430 1449 1462 1492 1497 1519 1544 1559 1623 1643 1671 1685 1698 1739 1771 1784 1830 1834 1842 1868 1870 1872 1886 1954 1974 1983 1995 2002 2036 2047 2098 2113 2189 2200 2209 2254 2263 2278 2304 2321 
0 20 91 95 112 117 145 150 203 219 236 299 309 321 326 334 347 359 370 372 383 456 523 551 560 605 610 637 653 671 698 711 734 744 840 880 895 906 923 939 941 948 987 1002 1023 1029 1031 1052 1130 1131 1146 1156 1207 1251 1264 1292 1318 1370 1385 1393 1407 1410 1498 1516 1534 1545 1549 1581 1593 1605 1721 1740 1755 1756 1770 1803 1820 1840 1846 1864 1876 1889 1902 1904 1974 2009 2024 2044 2062 2080 2103 2144 2164 2186 2209 2215 2220 2277 2306 2321 
0 11 45 64 100 114 117 165 175 190 226 238 240 259 279 306 358 368 407 424 452 468 501 516 525 538 571 597 675 690 712 718 727 796 808 815 856 874 894 940 956 992 1008 1027 1047 1066 1091 1097 1100 1139 1199 1215 1224 1240 1266 1271 1326 1369 1379 1459 1471 1482 1493 1514 1581 1597 1602 1620 1640 1649 1658 1682 1721 1735 1769 1782 1792 1826 1843 1862 1933 1946 1956 1962 1976 1978 1994 2011 2026 2065 2098 2114 2158 2164 2202 2217 2246 2263 2286 2335 
0 22 38 114 122 130 140 142 217 226 276 290 292 308 324 330 350 408 411 440 443 461 470 531 543 556 571 603 640 666 685 702 719 788 806 815 826 852 854 930 945 965 973 989 1004 1022 1031 1049 1123 1137 1147 1187 1247 1256 1271 1283 1293 1298 1444 1459 1465 1481 1499 1514 1533 1555 1559 1560 1620 1631 1661 1709 1714 1743 1753 1771 1815 1825 1840 1856 1876 1878 1887 1969 2005 2030 2046 2052 2072 2084 2103 2121 2128 2164 2225 2244 2285 2287 2309 2343 
0 28 54 86 100 113 139 155 173 198 228 291 305 306 310 346 368 388 409 423 444 459 543 547 554 570 595 627 664 671 685 706 766 768 796 808 835 851 888 912 919 953 980 992 1031 1102 1105 1133 1148 1163 1179 1197 1244 1251 1266 1302 1361 1369 1384 1397 1504 1518 1534 1549 1561 1570 1575 1620 1630 1665 1668 1698 1763 1767 1785 1801 1841 1848 1880 1898 1916 1931 1943 1954 1978 2036 2045 2064 2084 2088 2108 2172 2187 2216 2226 2245 2259 2281 2299 2327 
0 17 84 91 94 117 131 148 173 181 202 252 319 333 353 357 384 400 401 421 446 501 520 538 546 591 595 614 637 648 657 708 720 752 790 807 879 887 898 918 930 951 967 970 991 995 1029 1125 1139 1140 1147 1174 1194 1236 1255 1268 1301 1343 1357 1379 1437 1456 1478 1511 1533 1539 1549 1571 1619 1629 1632 1662 1676 1703 1743 1748 1778 1810 1830 1842 1933 1951 1961 1973 1982 2000 2021 2029 2043 2072 2112 2141 2161 2206 2220 2226 2281 2297 2309 2310 
0 23 39 54 98 111 130 143 183 198 210 251 333 343 348 361 419 435 444 462 470 508 520 555 586 593 653 668 687 694 706 725 741 753 816 832 848 906 925 935 937 1016 1019 1030 1042 1059 1095 1107 1127 1137 1160 1211 1234 1253 1301 1312 1326 1342 1387 1401 1406 1421 1438 1488 1523 1536 1583 1592 1614 1640 1652 1740 1771 1781 1788 1803 1809 1854 1868 1876 1878 1959 1976 1990 2013 2029 2032 2035 2066 2075 2090 2095 2124 2160 2225 2236 2252 2304 2310 2330 
34 50 60 71 73 75 175 181 183 187 192 196 219 277 317 342 347 357 377 398 422 493 503 517 573 584 599 609 625 671 688 694 735 772 805 823 845 856 873 895 903 949 977 1052 1059 1096 1110 1117 1137 1139 1174 1189 1200 1217 1241 1267 1351 1361 1372 1403 1423 1428 1453 1472 1488 1518 1557 1579 1599 1638 1689 1695 1715 1717 1788 1801 1830 1833 1865 1880 1884 1905 1919 1956 1972 1976 2011 2028 2038 2123 2136 2144 2160 2186 2187 2191 2253 2262 2301 2316 
0 16 34 48 85 99 138 174 188 208 225 269 288 305 331 350 365 404 458 465 483 499 511 516 551 555 558 564 642 645 681 731 760 778 784 851 867 880 902 919 922 937 950 968 1016 1076 1094 1139 1151 1172 1182 1201 1220 1227 1275 1339 1358 1371 1386 1406 1433 1447 1448 1469 1497 1522 1572 1590 1604 1623 1647 1657 1710 1723 1733 1798 1811 1849 1854 1884 1897 1916 1932 1947 1962 1969 2012 2021 2035 2077 2126 2143 2152 2176 2182 2269 2281 2303 2326 2332 
0 32 77 84 88 95 108 127 146 166 180 248 263 290 314 322 333 374 405 421 461 477 482 530 554 557 571 597 637 656 669 685 724 758 811 824 841 848 926 930 945 953 966 974 990 1007 1027 1097 1099 1123 1131 1189 1203 1229 1249 1285 1299 1316 1326 1343 1361 1425 1434 1444 1478 1564 1579 1614 1640 1641 1654 1696 1711 1730 1735 1754 1803 1825 1858 1872 1892 1927 1936 1956 1997 2037 2049 2069 2086 2100 2110 2124 2149 2209 2229 2239 2272 2285 2288 2334 
0 39 57 77 111 119 139 154 174 177 212 218 219 235 312 331 349 400 457 458 477 487 515 519 528 568 582 584 599 657 670 698 760 783 790 825 832 852 919 928 946 958 973 986 1011 1059 1062 1117 1124 1144 1154 1174 1188 1203 1290 1319 1321 1325 1343 1453 1470 1482 1534 1544 1546 1556 1560 1584 1593 1616 1634 1645 1740 1751 1770 1832 1837 1849 1855 1860 1871 1894 1955 1968 2014 2022 2024 2027 2074 2093 2127 2144 2149 2167 2220 2244 2256 2264 2285 2335 
4 38 54 74 92 104 107 152 163 193 233 252 258 279 286 317 347 364 441 457 476 512 532 538 554 574 668 675 689 708 728 738 787 804 810 825 835 842 851 863 874 961 976 987 1042 1053 1083 1101 1115 1164 1172 1264 1272 1285 1325 1326 1346 1350 1365 1408 1415 1456 1476 1507 1522 1539 1575 1591 1625 1642 1645 1663 1668 1697 1717 1734 1796 1825 1826 1857 1884 1920 1942 1972 1992 2013 2022 2096 2107 2111 2131 2143 2201 2206 2228 2236 2253 2255 2289 2306 
0 38 45 86 96 117 121 137 141 200 217 236 254 284 304 312 328 353 384 404 446 520 535 550 552 560 579 624 727 731 742 749 752 765 794 806 815 837 899 903 915 924 933 968 1027 1094 1102 1108 1138 1149 1167 1225 1233 1262 1282 1293 1295 1325 1334 1410 1485 1504 1511 1525 1534 1555 1597 1605 1606 1612 1656 1659 1712 1725 1733 1795 1800 1814 1821 1867 1885 1919 1939 1956 1967 1995 2002 2019 2062 2065 2067 2075 2153 2190 2194 2226 2240 2259 2264 2271 
0 7 26 30 104 114 143 193 205 207 227 252 265 284 301 311 396 399 413 440 451 461 465 481 570 604 619 629 666 683 706 722 745 754 797 840 852 893 906 926 929 940 957 986 1067 1080 1085 1100 1114 1148 1164 1175 1180 1215 1231 1318 1319 1387 1389 1409 1464 1477 1504 1518 1539 1554 1569 1599 1606 1626 1639 1690 1710 1712 1732 1752 1798 1808 1837 1853 1867 1946 1955 1969 2009 2018 2034 2054 2070 2071 2079 2158 2178 2211 2215 2235 2243 2277 2320 2330 
0 9 31 34 43 85 112 131 151 163 258 281 290 310 311 324 356 370 404 412 420 440 488 502 569 575 611 615 622 642 676 696 709 825 833 837 842 883 887 948 960 972 981 998 1005 1021 1109 1122 1139 1159 1187 1202 1218 1233 1251 1272 1315 1404 1408 1410 1422 1425 1483 1535 1536 1556 1587 1591 1593 1604 1645 1707 1721 1731 1756 1771 1821 1827 1839 1868 1891 1910 1928 1958 1977 1986 2016 2039 2074 2112 2132 2168 2180 2207 2225 2242 2253 2283 2293 2328 
0 29 34 53 102 120 131 164 169 176 213 238 262 279 299 345 360 380 419 438 456 495 511 557 573 589 598 599 666 677 680 698 774 826 834 840 863 866 881 887 898 912 974 976 996 1028 1080 1107 1147 1167 1187 1200 1202 1284 1300 1303 1316 1365 1369 1389 1393 1491 1492 1501 1503 1544 1551 1557 1608 1628 1677 1683 1684 1730 1737 1784 1820 1830 1846 1859 1877 1895 1909 1982 1990 2008 2028 2038 2092 2107 2144 2147 2160 2162 2173 2216 2233 2295 2309 2344 
0 5 25 50 76 84 124 147 196 209 228 236 292 298 304 369 373 379 451 459 470 476 547 557 570 573 604 622 626 642 673 700 719 731 818 823 835 843 858 898 914 937 961 989 1027 1041 1092 1094 1154 1163 1174 1191 1246 1256 1272 1314 1318 1337 1343 1363 1414 1453 1471 1500 1518 1542 1560 1583 1640 1646 1655 1695 1698 1718 1763 1776 1787 1798 1875 1887 1903 1923 1944 1949 1998 2014 2019 2022 2035 2049 2065 2187 2205 2211 2212 2215 2264 2277 2294 2295 
15 38 40 54 101 121 126 127 134 185 193 201 262 279 283 360 369 373 389 429 476 484 488 520 537 548 572 581 612 638 654 673 758 769 775 784 801 829 916 921 928 940 983 1021 1032 1072 1079 1097 1098 1167 1206 1222 1241 1257 1306 1318 1319 1338 1367 1390 1432 1446 1455 1463 1473 1551 1559 1573 1591 1610 1661 1685 1702 1720 1759 1787 1803 1814 1822 1870 1875 1928 1941 1957 2002 2008 2012 2088 2098 2102 2112 2168 2200 2203 2211 2222 2241 2295 2308 2338 
0 27 75 87 89 100 134 143 164 225 232 248 266 295 307 338 355 365 413 467 476 478 488 528 563 575 592 644 658 670 686 697 720 742 772 791 813 855 873 951 961 971 982 1004 1014 1031 1064 1072 1096 1105 1174 1193 1213 1217 1243 1256 1359 1371 1398 1412 1432 1447 1451 1483 1491 1597 1612 1622 1626 1641 1660 1667 1698 1748 1754 1781 1805 1821 1829 1834 1852 1931 1935 1940 1962 1995 2011 2058 2070 2108 2125 2154 2161 2166 2200 2214 2254 2288 2304 2328 
0 36 46 60 80 96 147 152 185 196 210 244 260 274 296 300 327 354 379 477 481 498 502 514 535 625 634 655 668 676 725 741 743 800 804 805 844 849 854 902 909 939 963 969 983 1012 1031 1074 1093 1113 1203 1219 1221 1243 1245 1286 1321 1396 1404 1420 1436 1453 1459 1503 1523 1528 1532 1620 1639 1650 1687 1703 1708 1715 1749 1769 1771 1779 1803 1862 1888 1913 1943 1978 1987 2005 2024 2032 2054 2068 2076 2145 2161 2173 2194 2208 2269 2281 2305 2321 
10 28 47 50 72 85 105 113 130 219 239 252 269 274 284 299 370 380 399 438 448 460 468 513 526 570 583 627 659 661 721 743 756 757 781 827 847 867 874 892 918 928 937 989 996 1080 1096 1119 1132 1150 1190 1193 1197 1212 1271 1274 1334 1346 1347 1375 1383 1387 1473 1520 1522 1527 1546 1560 1577 1591 1617 1656 1695 1725 1739 1755 1820 1825 1844 1852 1860 1919 1926 2007 2021 2045 2051 2098 2105 2117 2119 2137 2165 2185 2207 2213 2233 2290 2305 2331 
0 8 40 53 81 107 166 175 205 217 232 245 248 279 297 314 322 366 385 431 440 479 492 511 553 573 579 599 618 726 733 745 751 759 827 846 855 866 886 897 969 978 997 1017 1036 1044 1067 1102 1118 1131 1171 1216 1234 1287 1291 1297 1307 1389 1397 1408 1449 1464 1471 1503 1517 1529 1533 1548 1600 1605 1607 1689 1698 1712 1751 1771 1827 1837 1859 1874 1886 1906 1929 1966 1976 1984 2005 2029 2056 2110 2117 2131 2162 2183 2192 2232 2257 2275 2289 2298 
15 35 50 63 74 77 113 128 164 180 208 280 305 319 338 345 352 358 361 441 461 526 536 552 567 570 582 649 665 668 707 731 738 743 767 776 816 861 909 924 969 973 991 1010 1021 1034 1079 1093 1098 1127 1194 1214 1224 1247 1279 1306 1314 1326 1345 1359 1408 1410 1472 1488 1504 1520 1539 1550 1568 1666 1679 1692 1718 1727 1745 1756 1798 1816 1822 1869 1905 1913 1927 1930 1949 1958 1985 2035 2050 2074 2077 2091 2106 2169 2176 2185 2256 2259 2290 2298 
0 17 39 44 71 86 100 150 166 186 218 222 256 297 312 345 367 379 399 438 442 451 500 537 556 579 591 592 630 648 663 682 713 774 798 811 824 845 865 909 958 964 970 989 991 1042 1103 1124 1138 1170 1174 1193 1292 1309 1320 1336 1351 1370 1414 1433 1436 1440 1458 1480 1503 1515 1525 1542 1678 1684 1688 1751 1758 1759 1768 1776 1792 1813 1864 1879 1889 1909 1949 1959 1988 2006 2034 2052 2079 2093 2110 2115 2160 2183 2196 2201 2254 2278 2288 2304 
0 39 44 54 70 91 125 134 149 164 172 189 282 299 327 329 361 362 376 451 452 504 511 539 554 564 598 628 645 663 678 698 734 810 822 836 879 884 902 915 978 993 1004 1011 1029 1044 1046 1101 1123 1142 1207 1214 1233 1271 1275 1295 1311 1379 1392 1406 1414 1463 1481 1505 1515 1533 1547 1565 1602 1614 1665 1683 1717 1733 1757 1769 1785 1834 1835 1851 1876 1923 1943 1967 1970 1990 2028 2043 2057 2061 2111 2157 2189 2227 2231 2244 2284 2296 2301 2311 
0 12 16 25 53 75 103 126 188 208 242 253 269 280 287 309 358 386 401 436 456 468 533 536 589 604 614 625 653 666 685 796 811 830 840 847 866 875 942 960 969 978 989 1008 1014 1048 1062 1080 1149 1156 1185 1196 1211 1229 1245 1262 1320 1350 1370 1384 1404 1432 1474 1491 1541 1555 1607 1617 1631 1648 1666 1683 1703 1716 1733 1788 1809 1820 1844 1898 1901 1928 1931 1941 1959 1984 2021 2024 2090 2103 2120 2140 2158 2165 2191 2226 2235 2265 2295 2313 
0 12 50 95 114 120 139 154 174 196 203 217 243 251 300 320 345 362 381 400 423 482 501 520 580 599 600 625 636 656 740 749 760 777 785 836 855 897 909 915 935 954 1003 1018 1047 1057 1076 1089 1108 1117 1172 1183 1203 1211 1320 1338 1351 1356 1397 1404 1407 1455 1484 1501 1544 1563 1574 1586 1641 1661 1679 1694 1734 1748 1751 1769 1791 1828 1847 1870 1898 1940 1953 1954 2004 2017 2027 2041 2072 2085 2141 2150 2168 2169 2199 2230 2262 2275 2284 2312 
4 26 53 65 71 96 112 158 191 200 208 239 259 269 285 310 390 406 417 436 495 500 518 535 541 559 576 592 608 633 699 762 779 796 827 839 847 869 877 883 958 978 992 1028 1036 1044 1101 1106 1120 1135 1149 1158 1175 1189 1324 1355 1361 1364 1388 1397 1448 1461 1468 1515 1533 1554 1580 1597 1608 1643 1672 1705 1731 1746 1765 1836 1850 1854 1862 1872 1900 1901 1926 1950 1976 2002 2021 2022 2089 2096 2112 2132 2152 2181 2207 2214 2236 2250 2268 2271 
0 11 43 55 70 76 105 120 122 184 256 276 288 296 304 349 363 379 403 414 428 513 529 534 585 602 607 624 638 673 692 700 753 784 794 799 804 871 879 945 948 976 1017 1053 1066 1076 1089 1096 1150 1161 1190 1222 1224 1249 1263 1283 1384 1392 1398 1404 1436 1452 1486 1518 1521 1540 1558 1570 1592 1633 1652 1660 1678 1700 1718 1757 1777 1795 1854 1864 1896 1946 1956 1976 1983 1995 2022 2035 2037 2121 2136 2148 2152 2203 2216 2228 2261 2280 2293 2303 
14 38 57 75 81 96 137 156 179 201 211 248 249 285 293 304 375 388 393 399 495 511 532 560 562 583 601 614 641 669 680 687 695 777 826 846 857 871 881 901 928 946 966 997 1017 1027 1037 1087 1112 1152 1172 1193 1201 1214 1246 1262 1264 1314 1397 1431 1448 1465 1496 1510 1520 1540 1573 1587 1590 1607 1678 1691 1696 1718 1753 1769 1801 1811 1853 1876 1891 1910 1927 1948 1992 2032 2066 2070 2089 2114 2126 2143 2173 2181 2207 2273 2287 2295 2310 2325 
0 19 47 63 89 91 128 182 216 233 249 269 295 298 306 322 326 361 401 430 449 468 540 552 553 567 572 592 683 694 698 710 723 743 751 754 837 840 909 910 993 998 1004 1005 1036 1044 1047 1158 1159 1171 1183 1189 1210 1220 1245 1254 1310 1345 1379 1385 1395 1446 1465 1534 1536 1553 1563 1569 1574 1669 1688 1705 1717 1731 1747 1759 1816 1830 1869 1876 1878 1889 1897 1956 1976 1994 2010 2025 2047 2065 2102 2132 2214 2217 2220 2233 2273 2283 2359 2360 
0 38 54 70 89 109 134 147 160 227 238 256 292 295 300 310 322 394 439 458 462 468 486 569 586 608 625 632 641 657 660 687 706 778 834 835 838 848 910 925 942 956 973 1006 1042 1053 1072 1087 1120 1166 1198 1216 1234 1257 1272 1299 1357 1387 1403 1421 1423 1496 1506 1520 1528 1545 1590 1604 1608 1623 1665 1682 1726 1745 1747 1762 1782 1810 1825 1874 1901 1918 1934 1942 2003 2019 2037 2047 2083 2091 2100 2121 2171 2191 2196 2242 2248 2265 2288 2321 
0 24 34 49 68 80 100 118 226 228 242 266 283 326 344 355 375 384 425 460 476 485 487 525 554 562 570 589 590 636 658 715 727 792 825 853 862 870 882 915 922 939 982 986 991 994 1048 1063 1071 1122 1162 1180 1272 1292 1338 1342 1347 1376 1418 1428 1432 1438 1457 1462 1518 1532 1560 1650 1658 1665 1685 1701 1745 1748 1759 1786 1818 1832 1845 1860 1871 1901 1920 1948 1977 1999 2028 2058 2066 2113 2132 2153 2168 2201 2212 2250 2258 2267 2286 2322 
0 28 62 77 79 84 109 174 178 192 230 253 269 273 291 316 374 385 388 397 428 472 498 526 538 539 572 588 595 642 661 726 742 779 798 804 816 863 879 922 932 950 963 1039 1052 1067 1087 1106 1151 1153 1166 1184 1188 1248 1288 1296 1313 1326 1350 1393 1405 1415 1420 1430 1518 1524 1563 1601 1642 1653 1662 1678 1755 1772 1782 1798 1813 1853 1855 1897 1912 1929 1945 1952 1972 2021 2034 2060 2075 2088 2091 2115 2150 2180 2211 2219 2227 2236 2273 2298 
0 19 38 50 51 67 68 133 141 193 207 271 289 290 301 305 352 396 402 421 480 486 514 573 580 599 602 617 649 669 673 714 741 760 780 796 810 832 842 891 946 962 970 980 1048 1063 1070 1087 1111 1140 1172 1187 1208 1214 1282 1300 1370 1384 1409 1411 1431 1438 1456 1499 1520 1540 1560 1580 1583 1589 1599 1667 1675 1717 1743 1760 1761 1847 1862 1879 1895 1916 1947 1965 1993 2008 2024 2044 2093 2101 2114 2159 2173 2191 2211 2231 2233 2239 2283 2285 
0 38 56 67 93 105 125 155 174 177 234 249 253 264 328 333 353 354 381 409 421 439 453 506 511 552 578 592 653 662 676 724 752 755 756 761 868 874 893 903 918 944 964 985 1011 1035 1065 1086 1130 1134 1152 1161 1241 1260 1283 1352 1370 1403 1410 1416 1463 1477 1489 1498 1514 1525 1594 1600 1615 1625 1652 1660 1666 1767 1772 1799 1810 1826 1833 1851 1864 1926 1934 1959 1980 2001 2005 2042 2087 2092 2110 2171 2178 2198 2206 2221 2230 2236 2284 2301 
10 37 40 41 116 123 139 151 168 179 219 232 248 255 309 334 356 447 464 477 495 512 514 552 586 591 604 615 648 750 754 755 767 777 789 810 817 843 925 942 956 966 985 1009 1040 1048 1079 1085 1102 1153 1171 1193 1208 1225 1288 1301 1310 1324 1361 1434 1437 1485 1496 1511 1520 1523 1543 1590 1602 1607 1655 1691 1693 1728 1754 1760 1774 1794 1813 1822 1883 1886 1908 1934 1976 1982 1999 2054 2074 2136 2141 2159 2172 2182 2208 2254 2256 2276 2300 2309 
12 32 40 56 84 103 120 139 180 198 230 254 261 302 356 366 377 384 404 456 472 484 524 537 538 558 568 586 614 662 666 692 693 785 793 836 872 880 900 911 946 962 976 1011 1021 1043 1065 1148 1158 1169 1185 1203 1210 1236 1244 1276 1371 1379 1394 1420 1437 1456 1476 1488 1527 1542 1552 1566 1584 1597 1608 1692 1709 1711 1738 1755 1786 1794 1814 1824 1856 1865 1880 1893 1945 1976 1996 2010 2046 2108 2119 2137 2140 2160 2179 2239 2254 2281 2295 2319 
0 13 18 34 54 68 158 170 188 201 231 238 249 255 321 339 355 399 400 411 455 502 515 533 544 554 577 632 633 651 676 720 770 778 794 795 810 821 874 885 921 998 1016 1020 1040 1052 1070 1087 1103 1120 1165 1189 1221 1224 1231 1248 1286 1319 1340 1358 1397 1423 1431 1510 1561 1576 1579 1593 1609 1632 1643 1656 1685 1759 1767 1777 1814 1833 1858 1874 1881 1910 1947 1966 1975 1989 2006 2013 2021 2058 2070 2113 2177 2189 2194 2203 2205 2255 2285 2317 
0 19 26 64 92 104 113 115 135 206 235 247 271 281 304 346 355 367 404 461 475 494 498 512 586 605 609 611 629 637 698 699 756 804 817 837 848 863 879 897 958 969 1010 1011 1028 1035 1093 1100 1120 1131 1176 1243 1258 1287 1300 1308 1330 1345 1410 1417 1452 1470 1484 1491 1521 1539 1555 1601 1605 1629 1701 1721 1731 1735 1738 1812 1817 1819 1836 1859 1868 1882 1935 1953 1968 1977 2034 2054 2055 2128 2141 2205 2214 2227 2245 2262 2268 2296 2309 2310 
31 45 46 60 66 95 106 121 174 190 239 253 262 290 299 314 330 379 399 415 431 471 491 515 538 562 626 636 643 694 713 727 732 748 749 830 840 854 906 916 953 998 1002 1021 1040 1054 1058 1128 1139 1146 1151 1158 1190 1205 1272 1283 1287 1322 1385 1471 1476 1479 1514 1536 1538 1544 1614 1620 1640 1647 1658 1703 1737 1738 1750 1767 1802 1845 1876 1877 1918 1933 1941 1952 1979 1995 2007 2018 2062 2121 2125 2136 2153 2183 2191 2258 2267 2284 2299 2301 
0 23 37 57 79 125 158 163 166 173 202 214 238 260 295 326 402 419 421 437 456 460 492 510 538 604 619 639 655 668 670 671 760 780 807 808 817 849 881 912 917 949 974 996 1008 1027 1054 1113 1133 1161 1179 1199 1219 1240 1257 1326 1342 1351 1365 1379 1433 1453 1482 1501 1514 1526 1566 1581 1608 1622 1627 1646 1684 1733 1777 1782 1801 1826 1827 1837 1856 1885 1988 2007 2013 2021 2043 2060 2087 2091 2100 2116 2214 2227 2232 2235 2250 2294 2353 2359 
0 12 41 63 70 102 131 175 180 200 222 239 249 269 368 385 396 414 424 432 445 492 499 514 542 556 563 567 616 694 713 714 725 794 851 863 866 877 888 906 923 961 998 1034 1053 1057 1095 1109 1139 1163 1166 1182 1276 1287 1302 1319 1336 1356 1365 1370 1420 1433 1451 1465 1476 1524 1543 1581 1593 1619 1672 1695 1700 1715 1736 1762 1776 1796 1831 1851 1895 1913 1933 1936 1961 2023 2031 2055 2057 2067 2088 2098 2135 2147 2158 2165 2252 2264 2275 2295 
5 20 55 88 95 118 147 164 172 198 207 233 249 266 295 408 415 433 451 462 477 482 489 535 540 571 581 650 667 679 698 701 728 748 764 801 835 848 868 887 960 966 974 990 1022 1024 1093 1102 1117 1120 1139 1191 1200 1223 1234 1251 1295 1347 1361 1378 1412 1441 1445 1458 1488 1525 1533 1540 1626 1679 1689 1706 1726 1771 1781 1789 1799 1841 1846 1881 1894 1904 1921 1987 1992 2012 2081 2085 2099 2115 2142 2160 2165 2176 2191 2194 2233 2254 2275 2326 
35 53 55 71 113 122 140 152 205 221 231 245 248 255 301 313 318 373 394 416 462 480 527 535 546 547 552 611 618 650 744 745 753 764 776 795 836 887 906 925 937 960 1002 1006 1012 1030 1061 1104 1117 1127 1203 1223 1228 1259 1274 1287 1299 1363 1365 1403 1423 1459 1466 1496 1501 1504 1572 1578 1584 1598 1648 1662 1703 1772 1778 1795 1801 1813 1840 1851 1905 1912 1936 1947 1962 1979 1982 2050 2093 2103 2109 2122 2168 2192 2245 2256 2264 2278 2312 2328 
4 28 35 54 73 91 97 131 149 177 217 233 283 289 338 354 370 380 405 449 461 518 535 540 555 556 589 625 653 692 712 726 737 752 833 848 852 863 883 906 927 945 982 992 1004 1011 1081 1092 1108 1117 1183 1221 1249 1254 1268 1342 1352 1371 1387 1390 1412 1453 1473 1490 1508 1521 1527 1539 1574 1597 1637 1683 1695 1712 1768 1787 1791 1797 1827 1840 1877 1914 1919 1926 1975 1992 2012 2025 2031 2078 2086 2165 2171 2189 2193 2208 2222 2268 2323 2328 
0 21 46 55 99 106 167 175 193 239 247 261 263 281 310 325 355 366 370 414 425 451 515 533 542 550 569 576 630 670 713 715 758 764 786 825 880 905 908 926 927 968 982 987 1031 1041 1058 1061 1080 1143 1149 1151 1224 1228 1252 1357 1359 1367 1378 1417 1432 1462 1479 1512 1514 1526 1571 1587 1623 1643 1684 1689 1703 1781 1793 1796 1815 1834 1841 1858 1933 1946 1948 1958 1976 1978 1999 2012 2061 2078 2121 2144 2184 2192 2207 2210 2222 2263 2283 2298 
0 27 35 55 84 100 108 115 116 165 218 234 274 283 295 330 359 385 434 438 447 505 511 538 539 603 610 625 635 653 728 744 765 817 827 845 882 887 888 908 916 969 1027 1038 1042 1060 1080 1102 1137 1143 1145 1167 1194 1227 1250 1268 1287 1306 1332 1412 1450 1467 1484 1509 1529 1537 1568 1574 1596 1638 1641 1664 1701 1717 1755 1796 1811 1817 1864 1887 1922 1935 1954 1969 1985 2024 2049 2061 2074 2086 2108 2120 2132 2182 2203 2247 2258 2260 2334 2353 
0 13 26 56 73 128 140 155 166 173 183 191 229 262 335 351 380 464 473 490 510 513 538 554 562 593 614 622 626 696 711 727 734 771 799 848 857 881 889 909 935 966 967 1009 1021 1039 1088 1118 1124 1141 1156 1173 1180 1211 1228 1306 1315 1349 1371 1387 1391 1487 1488 1549 1565 1581 1590 1604 1616 1648 1655 1680 1757 1769 1770 1793 1805 1817 1853 1868 1884 1902 1920 1958 1982 2012 2044 2058 2068 2072 2075 2144 2145 2167 2220 2233 2287 2300 2305 2317 
6 24 43 50 61 76 105 125 163 166 176 226 239 248 331 338 406 412 413 421 465 499 504 524 544 546 616 633 649 652 701 708 737 757 810 863 880 889 906 912 920 953 976 992 1012 1080 1095 1109 1117 1123 1132 1140 1164 1194 1240 1345 1355 1364 1380 1400 1476 1491 1499 1512 1575 1586 1590 1601 1616 1635 1684 1685 1697 1727 1735 1755 1794 1811 1826 1866 1899 1905 1906 1929 1975 1992 2006 2058 2066 2078 2091 2108 2129 2172 2222 2228 2234 2237 2293 2300 
6 24 35 83 123 124 164 179 190 204 221 249 269 298 300 357 370 384 402 435 443 497 512 513 524 544 555 607 623 638 670 701 796 800 818 832 833 875 878 909 920 981 992 1006 1026 1072 1092 1109 1145 1160 1210 1221 1230 1254 1255 1266 1309 1332 1347 1433 1447 1480 1487 1499 1515 1532 1537 1587 1597 1615 1640 1663 1676 1697 1730 1819 1836 1851 1871 1891 1905 1923 1948 1959 1975 1988 2011 2072 2088 2096 2116 2125 2155 2166 2186 2231 2254 2263 2267 2336 
0 25 31 38 73 82 99 141 158 217 228 247 261 277 297 312 365 401 419 421 441 453 498 515 529 542 595 610 626 655 656 723 731 741 769 809 821 914 927 947 960 968 977 980 1046 1062 1081 1116 1123 1129 1188 1204 1205 1220 1248 1252 1316 1357 1441 1453 1459 1506 1514 1534 1549 1566 1589 1605 1640 1660 1678 1680 1696 1737 1743 1816 1834 1842 1862 1875 1880 1894 1940 1976 1982 1996 2012 2030 2041 2082 2098 2106 2140 2178 2185 2233 2235 2307 2319 2332 
3 26 71 84 95 113 131 150 175 199 219 236 247 261 322 366 379 396 414 418 430 465 497 508 515 560 594 597 659 680 682 685 725 804 806 810 863 878 895 903 910 962 979 999 1003 1018 1061 1076 1083 1172 1174 1175 1182 1235 1241 1242 1295 1338 1365 1385 1398 1427 1444 1452 1534 1554 1566 1578 1607 1620 1640 1657 1668 1706 1715 1757 1776 1830 1845 1847 1872 1892 1956 1988 1999 2005 2031 2050 2060 2069 2096 2128 2150 2170 2181 2240 2244 2248 2310 2319 
0 18 27 46 89 104 107 122 127 165 238 242 305 319 337 354 357 406 410 418 433 439 482 503 525 546 569 587 604 657 692 767 775 782 786 809 871 888 893 895 916 950 977 1038 1056 1072 1074 1087 1125 1139 1197 1258 1264 1274 1287 1303 1367 1375 1389 1417 1434 1489 1492 1499 1514 1530 1534 1595 1607 1623 1635 1683 1696 1705 1765 1784 1786 1796 1803 1898 1914 1933 1961 1975 1976 2006 2019 2028 2040 2046 2141 2157 2175 2186 2212 2231 2250 2267 2292 2312 
0 4 39 44 98 114 128 136 158 164 181 261 280 301 310 326 338 386 423 448 459 473 517 520 537 544 564 605 617 638 687 702 709 789 791 810 868 880 895 904 942 962 965 996 1062 1076 1102 1123 1124 1140 1147 1163 1172 1228 1236 1250 1310 1318 1384 1406 1441 1456 1511 1518 1536 1553 1559 1605 1617 1619 1639 1659 1671 1716 1750 1766 1794 1811 1834 1839 1853 1897 1947 1950 1987 1989 2049 2063 2076 2094 2111 2113 2120 2170 2181 2219 2251 2267 2277 2294 
0 18 28 56 84 124 137 210 215 224 244 266 272 282 318 322 357 375 384 411 446 509 515 521 536 548 610 611 632 651 671 682 684 718 848 850 868 878 894 909 930 949 994 1010 1027 1028 1042 1108 1122 1133 1163 1176 1181 1205 1233 1315 1320 1339 1348 1370 1467 1473 1492 1501 1515 1540 1544 1596 1609 1632 1648 1674 1702 1711 1772 1789 1803 1822 1839 1879 1906 1919 1943 1946 1959 1973 2002 2043 2078 2087 2123 2150 2168 2173 2201 2228 2241 2244 2313 2327 
0 13 21 45 64 97 113 138 151 211 231 259 264 281 292 310 330 368 385 407 470 480 507 523 537 548 587 638 650 667 677 687 788 797 816 841 844 859 871 888 934 964 967 985 1018 1031 1047 1051 1114 1138 1179 1190 1191 1194 1214 1274 1286 1299 1310 1370 1416 1428 1480 1513 1520 1539 1551 1595 1624 1644 1664 1683 1705 1718 1737 1778 1820 1830 1839 1851 1901 1914 1954 1974 1985 1986 2009 2011 2052 2094 2112 2131 2174 2176 2211 2230 2231 2253 2264 2285 
0 4 37 52 84 92 120 140 161 168 199 289 302 314 331 350 357 384 415 416 427 473 510 518 535 573 583 589 603 679 686 745 763 777 820 837 853 865 918 934 950 968 981 993 1092 1093 1098 1109 1125 1192 1194 1213 1219 1235 1265 1277 1295 1312 1347 1385 1413 1442 1445 1498 1555 1575 1594 1609 1614 1615 1628 1635 1652 1701 1719 1798 1814 1839 1862 1864 1893 1905 1913 1929 1944 1997 2018 2037 2056 2065 2092 2098 2115 2182 2192 2263 2267 2285 2319 2324 
10 26 37 53 65 95 170 178 196 210 236 256 299 304 309 328 335 402 426 441 481 500 510 535 547 572 636 644 659 672 692 708 811 825 838 843 859 877 882 885 954 969 989 1014 1017 1034 1043 1057 1064 1141 1151 1175 1242 1246 1321 1343 1357 1371 1412 1429 1430 1438 1477 1486 1500 1520 1578 1597 1635 1651 1660 1683 1758 1763 1781 1789 1791 1826 1862 1891 1898 1931 1946 1973 2020 2030 2037 2047 2068 2136 2146 2173 2180 2212 2219 2241 2250 2268 2296 2304 
0 7 37 53 96 103 140 154 174 220 230 233 238 249 326 351 365 428 447 451 462 482 497 516 521 530 561 575 645 657 690 692 724 763 774 791 821 869 895 929 942 958 975 991 993 1053 1085 1104 1117 1152 1181 1198 1213 1239 1259 1272 1292 1312 1332 1407 1476 1479 1490 1492 1502 1556 1576 1593 1602 1625 1641 1657 1704 1717 1732 1764 1802 1848 1864 1879 1883 1906 1909 1938 2007 2014 2031 2047 2059 2108 2146 2166 2183 2211 2225 2226 2242 2269 2277 2352 
0 24 32 54 61 103 140 158 164 184 196 236 243 274 289 305 345 350 360 402 490 501 533 543 544 560 636 653 659 711 720 732 734 743 763 774 826 838 848 897 899 919 967 997 1000 1039 1065 1076 1100 1113 1148 1155 1215 1218 1255 1317 1320 1336 1361 1372 1388 1421 1423 1489 1523 1552 1561 1562 1584 1605 1643 1653 1667 1703 1782 1786 1804 1814 1845 1856 1861 1915 1936 1946 1972 2020 2058 2063 2078 2093 2096 2172 2188 2205 2218 2229 2240 2254 2293 2297 
7 47 68 73 76 99 124 133 150 217 220 256 275 287 344 355 384 409 426 444 458 469 478 498 506 511 575 608 622 661 687 690 751 758 802 816 826 894 914 917 936 962 972 983 998 1004 1100 1116 1123 1141 1157 1172 1194 1268 1276 1316 1319 1320 1405 1425 1431 1451 1476 1496 1500 1527 1556 1571 1588 1689 1696 1700 1714 1718 1738 1800 1809 1828 1853 1872 1891 1898 1930 1949 1956 2015 2016 2027 2041 2073 2084 2098 2152 2159 2204 2228 2250 2268 2275 2315 
2 18 32 63 83 99 117 163 190 201 236 244 309 328 346 363 381 395 404 409 482 488 498 541 602 608 616 636 654 669 677 716 749 765 838 851 859 886 895 912 941 973 976 981 1003 1041 1084 1086 1095 1156 1163 1214 1230 1236 1268 1290 1320 1338 1384 1394 1428 1438 1465 1479 1518 1525 1540 1573 1615 1627 1639 1668 1675 1733 1781 1801 1819 1846 1853 1862 1871 1877 1935 1953 1990 2009 2017 2023 2096 2114 2120 2138 2183 2205 2221 2222 2242 2247 2301 2319 
2 12 28 36 57 75 110 161 201 206 217 219 282 310 323 337 351 435 439 447 511 512 524 531 554 560 578 587 607 610 662 676 770 790 810 824 848 868 873 875 916 926 941 1019 1039 1047 1061 1086 1116 1133 1148 1206 1212 1219 1231 1324 1351 1395 1407 1426 1461 1462 1492 1511 1534 1560 1579 1587 1599 1641 1658 1666 1682 1759 1771 1774 1805 1847 1853 1859 1871 1885 1912 1990 2008 2020 2050 2070 2074 2119 2123 2143 2154 2193 2204 2217 2242 2270 2280 2299 
35 50 69 86 92 109 131 141 161 182 187 232 260 281 301 333 396 406 409 437 452 485 516 527 534 579 591 625 656 676 685 732 735 753 811 826 846 863 865 908 960 978 1002 1005 1021 1052 1109 1124 1133 1135 1162 1177 1186 1235 1240 1303 1319 1323 1383 1394 1459 1479 1483 1484 1488 1533 1590 1639 1640 1668 1672 1720 1738 1745 1778 1783 1810 1824 1854 1869 1870 1904 1913 1934 1941 2012 2023 2046 2055 2080 2098 2107 2148 2180 2200 2201 2233 2241 2271 2322 
5 28 38 63 82 107 117 131 141 183 188 217 232 276 292 294 327 348 435 441 460 517 539 550 599 609 621 636 638 706 715 723 731 768 788 807 825 865 881 903 941 958 973 995 1009 1012 1021 1066 1105 1141 1161 1193 1225 1238 1264 1281 1298 1317 1322 1404 1420 1428 1478 1525 1534 1549 1556 1575 1620 1626 1643 1662 1667 1715 1766 1771 1809 1810 1822 1833 1856 1951 1967 1999 2003 2019 2030 2047 2057 2076 2134 2147 2155 2182 2214 2220 2253 2289 2297 2315 
0 57 68 74 79 119 179 192 202 216 222 244 259 278 285 326 354 360 404 411 491 509 518 545 547 560 570 587 610 645 707 727 742 744 757 772 808 859 884 916 961 977 1010 1020 1029 1053 1059 1092 1096 1139 1187 1196 1200 1209 1223 1269 1315 1375 1394 1424 1429 1445 1459 1474 1481 1522 1535 1575 1658 1672 1691 1710 1726 1740 1755 1769 1792 1804 1821 1889 1905 1908 1943 1954 1959 1995 2012 2026 2061 2076 2081 2101 2148 2180 2190 2207 2235 2260 2314 2334 
28 38 52 61 81 99 104 119 163 232 233 238 264 266 287 376 394 414 416 422 432 486 491 534 543 598 606 607 635 637 661 732 790 799 810 821 861 878 883 902 945 961 981 997 1005 1014 1049 1133 1147 1171 1182 1190 1227 1252 1271 1285 1358 1370 1398 1414 1427 1432 1437 1445 1501 1552 1572 1589 1607 1628 1645 1659 1668 1713 1783 1799 1810 1822 1855 1873 1892 1946 1959 1976 1982 1988 2041 2042 2074 2093 2108 2136 2151 2172 2182 2183 2217 2225 2288 2309 
16 34 53 68 88 107 124 192 210 225 226 242 263 270 281 401 412 416 435 448 467 473 511 521 524 542 588 597 639 690 702 713 736 782 798 854 861 865 906 915 918 938 965 1018 1066 1074 1085 1090 1100 1137 1187 1199 1210 1238 1252 1296 1309 1331 1386 1395 1396 1404 1437 1501 1517 1524 1563 1577 1622 1638 1643 1690 1707 1724 1783 1784 1819 1833 1852 1859 1866 1909 1913 1948 1964 2022 2069 2081 2092 2094 2106 2109 2128 2134 2167 2244 2252 2268 2295 2299 
1 17 28 39 41 69 128 139 155 204 217 223 228 256 308 328 341 365 369 384 477 495 514 536 553 569 583 609 650 654 713 721 728 757 759 806 868 881 897 945 951 962 974 993 1042 1048 1051 1070 1114 1130 1179 1197 1210 1213 1319 1324 1325 1344 1375 1421 1430 1438 1532 1538 1552 1557 1558 1577 1625 1644 1662 1706 1725 1730 1731 1737 1833 1845 1846 1880 1900 1920 1935 1954 1970 2019 2026 2042 2056 2082 2108 2124 2202 2225 2226 2230 2250 2253 2310 2343 
0 16 25 100 109 124 125 139 152 173 202 236 250 261 341 377 384 389 407 425 428 532 536 556 563 576 619 638 723 727 742 762 771 797 846 855 861 880 890 911 923 932 949 965 1000 1018 1070 1087 1096 1134 1223 1234 1239 1271 1290 1295 1299 1330 1400 1408 1419 1430 1516 1525 1533 1535 1549 1604 1609 1628 1645 1660 1670 1781 1783 1801 1814 1815 1846 1877 1881 1890 1926 1941 1967 2014 2034 2045 2055 2088 2125 2148 2161 2178 2192 2194 2257 2280 2314 2322 
0 16 26 52 79 109 115 135 174 196 221 235 254 274 300 350 384 419 427 444 445 447 484 552 567 575 588 594 612 621 665 675 693 754 759 824 864 877 894 956 958 975 987 1020 1034 1050 1069 1074 1107 1109 1120 1167 1198 1227 1230 1290 1306 1318 1425 1441 1456 1463 1469 1488 1507 1567 1572 1606 1617 1624 1658 1672 1680 1722 1734 1789 1798 1808 1825 1862 1864 1919 1954 1959 1992 2007 2023 2034 2075 2087 2095 2143 2149 2179 2218 2238 2253 2257 2305 2321 
18 35 41 56 82 86 110 148 196 214 238 256 263 323 335 345 360 366 420 474 488 499 505 545 573 585 589 592 635 639 659 714 762 765 793 852 857 894 908 921 923 938 964 968 1051 1067 1070 1092 1093 1135 1154 1184 1201 1213 1227 1285 1302 1309 1353 1380 1383 1451 1479 1520 1555 1556 1575 1609 1612 1659 1674 1738 1751 1771 1775 1789 1796 1819 1831 1870 1876 1895 1910 1929 1969 1988 2006 2034 2056 2116 2121 2132 2171 2184 2228 2243 2254 2263 2283 2335 
8 24 63 71 88 96 115 119 141 155 156 169 279 292 308 309 364 378 397 428 439 456 510 524 541 586 606 611 626 731 750 760 770 790 809 827 841 859 882 915 948 956 972 991 999 1019 1065 1109 1128 1145 1149 1191 1247 1263 1272 1299 1316 1327 1424 1444 1445 1518 1532 1549 1563 1565 1579 1583 1591 1615 1685 1687 1695 1731 1745 1753 1850 1864 1882 1900 1917 1920 1940 1945 1962 1971 1975 2019 2057 2108 2146 2168 2175 2183 2232 2247 2278 2285 2299 2319 
0 11 43 62 84 93 99 154 161 209 228 273 291 306 326 339 352 371 381 426 433 459 479 514 527 540 574 607 617 644 698 722 778 788 793 798 871 879 900 944 946 949 960 979 1069 1070 1084 1096 1112 1123 1149 1199 1205 1231 1234 1272 1282 1332 1394 1408 1424 1436 1489 1528 1535 1539 1554 1635 1650 1696 1701 1719 1730 1738 1746 1776 1779 1780 1803 1826 1847 1892 1908 1924 1950 2028 2030 2049 2057 2103 2166 2172 2177 2193 2204 2252 2257 2270 2321 2332 
0 16 36 47 95 103 128 143 157 181 200 223 232 307 310 312 330 348 350 400 426 438 498 507 518 566 591 633 645 653 685 691 709 741 752 776 815 828 865 910 947 953 1008 1031 1039 1053 1085 1100 1134 1137 1148 1163 1179 1202 1273 1282 1295 1371 1374 1447 1456 1470 1495 1503 1514 1533 1569 1615 1635 1647 1651 1725 1734 1747 1757 1772 1791 1833 1865 1866 1871 1927 1943 1958 2003 2007 2016 2041 2078 2094 2122 2142 2152 2170 2186 2213 2224 2255 2270 2275 
0 9 28 43 56 84 155 166 173 185 204 275 288 299 318 345 379 396 407 488 492 497 529 547 566 578 586 603 627 657 693 698 735 753 819 867 871 879 880 914 933 960 971 993 996 1015 1038 1133 1139 1154 1183 1185 1194 1238 1256 1274 1276 1321 1362 1364 1410 1460 1470 1490 1510 1565 1570 1590 1598 1623 1641 1700 1720 1723 1746 1763 1782 1798 1810 1855 1878 1909 1929 1950 1953 2019 2038 2049 2065 2072 2110 2135 2187 2202 2209 2212 2225 2258 2264 2290 
4 16 25 45 69 88 149 164 182 226 239 242 280 297 314 326 331 402 436 446 455 475 476 514 532 555 587 596 639 658 676 762 787 798 800 814 839 856 881 903 925 928 946 998 1039 1060 1070 1086 1117 1120 1167 1175 1238 1247 1257 1308 1323 1331 1369 1405 1417 1448 1469 1502 1517 1519 1549 1559 1578 1647 1665 1698 1701 1703 1712 1787 1805 1816 1878 1891 1905 1915 1930 1962 1977 1993 2000 2032 2052 2056 2109 2127 2138 2170 2196 2262 2269 2270 2287 2323 
0 54 69 84 87 94 124 139 166 184 203 222 318 323 334 337 339 359 376 412 433 464 467 536 554 609 620 640 641 655 670 727 740 809 817 837 839 894 905 924 966 968 983 998 1005 1031 1053 1104 1110 1123 1130 1167 1200 1285 1288 1297 1320 1382 1387 1389 1394 1408 1419 1492 1536 1543 1587 1592 1615 1619 1639 1659 1694 1707 1726 1742 1755 1760 1842 1864 1891 1904 1935 1957 1960 1980 2000 2014 2022 2044 2070 2115 2117 2174 2193 2237 2248 2283 2299 2330 
0 46 52 72 88 94 130 157 185 191 208 239 262 279 290 307 313 418 425 435 459 498 517 534 543 553 573 587 599 639 655 658 720 733 743 793 801 816 865 927 937 953 970 972 999 1016 1028 1075 1113 1150 1167 1213 1233 1244 1268 1336 1345 1355 1357 1375 1470 1485 1504 1520 1539 1542 1602 1614 1625 1641 1644 1693 1710 1718 1732 1749 1767 1784 1813 1851 1867 1885 1933 1950 1966 1977 1992 2030 2040 2071 2078 2110 2132 2154 2211 2261 2273 2284 2301 2327 
0 19 38 53 71 114 134 143 163 180 193 211 219 222 270 350 369 415 435 455 470 476 478 518 544 566 608 615 629 659 673 693 732 744 756 757 821 840 890 931 940 942 976 1009 1016 1068 1084 1121 1123 1136 1150 1159 1210 1231 1318 1321 1339 1351 1371 1404 1470 1476 1480 1495 1516 1555 1574 1612 1620 1640 1653 1671 1701 1721 1749 1766 1811 1852 1867 1887 1889 1906 1908 1976 1988 2002 2028 2030 2048 2102 2123 2139 2178 2182 2204 2214 2217 2231 2268 2300 
0 17 28 40 63 94 154 156 167 185 211 219 226 243 364 380 395 402 419 435 450 485 495 534 544 569 572 607 625 643 680 706 726 822 826 829 861 864 880 908 914 945 956 976 1029 1047 1059 1093 1102 1111 1144 1148 1203 1209 1223 1283 1302 1392 1396 1414 1436 1452 1465 1496 1540 1552 1560 1572 1588 1598 1660 1680 1694 1745 1748 1756 1779 1781 1828 1841 1914 1933 1943 1952 1995 2008 2050 2054 2059 2065 2079 2159 2165 2171 2184 2232 2243 2281 2308 2339 
0 19 20 40 50 85 99 120 167 182 213 215 253 318 339 350 369 417 426 428 438 461 465 486 539 585 604 622 637 646 659 679 753 758 777 850 857 864 890 909 965 969 988 1004 1090 1092 1104 1116 1133 1158 1162 1168 1180 1309 1314 1324 1343 1357 1376 1391 1446 1476 1489 1493 1508 1518 1572 1587 1606 1622 1661 1670 1712 1748 1762 1765 1776 1790 1818 1827 1892 1899 1913 1945 1946 1990 2026 2030 2038 2075 2096 2138 2158 2173 2177 2217 2230 2235 2264 2272 
10 34 39 52 53 71 100 104 163 201 241 247 258 271 290 304 310 378 388 418 459 477 515 521 563 577 590 609 626 670 679 686 702 727 745 758 856 871 890 904 922 948 964 983 992 1012 1048 1093 1113 1154 1172 1188 1218 1241 1242 1259 1266 1324 1358 1375 1433 1448 1491 1538 1541 1546 1562 1607 1616 1664 1681 1690 1694 1717 1750 1762 1778 1791 1851 1869 1912 1913 1921 1935 1968 1976 2034 2050 2058 2062 2073 2127 2178 2187 2206 2249 2261 2280 2296 2311 
0 11 53 68 96 98 117 151 167 181 208 222 263 279 348 368 384 405 408 454 474 500 520 548 556 563 576 595 599 665 685 758 767 772 775 804 866 895 897 904 924 925 950 953 1040 1047 1074 1110 1147 1151 1174 1187 1195 1252 1262 1302 1317 1319 1403 1406 1415 1425 1447 1491 1536 1566 1568 1630 1632 1670 1683 1697 1704 1718 1728 1738 1754 1785 1834 1871 1912 1923 1943 1953 1960 1994 2009 2042 2058 2076 2116 2118 2126 2166 2170 2214 2227 2256 2319 2325 
0 9 24 35 91 96 120 175 192 210 233 252 271 287 301 319 336 396 409 413 448 453 512 528 544 557 591 593 638 677 692 780 796 809 817 829 856 869 893 911 921 922 970 977 983 1060 1072 1092 1151 1154 1202 1234 1245 1248 1295 1306 1346 1357 1367 1391 1418 1457 1464 1483 1500 1561 1566 1617 1624 1653 1665 1677 1695 1704 1785 1795 1825 1831 1851 1864 1883 1931 1947 1969 2000 2010 2024 2043 2047 2054 2069 2137 2155 2157 2165 2190 2256 2267 2286 2313 
10 26 47 64 76 91 129 145 152 163 215 227 247 263 328 346 364 378 424 426 442 469 473 484 490 495 586 615 617 720 742 762 780 787 830 846 856 876 881 901 923 951 964 986 1078 1090 1107 1124 1143 1152 1168 1219 1230 1239 1314 1319 1321 1337 1394 1403 1431 1439 1448 1479 1502 1522 1558 1574 1585 1595 1643 1647 1721 1737 1756 1802 1810 1828 1877 1889 1905 1914 1927 1949 1956 1978 2000 2018 2047 2087 2131 2149 2162 2174 2181 2227 2233 2283 2287 2293 
0 52 56 73 92 114 128 150 167 191 196 204 256 274 288 301 396 409 424 429 448 500 508 509 516 570 602 634 687 706 725 736 770 787 801 812 860 880 888 928 948 953 973 989 1000 1059 1061 1098 1102 1123 1134 1148 1162 1274 1284 1301 1312 1346 1358 1366 1411 1428 1439 1488 1496 1540 1546 1555 1596 1612 1683 1684 1709 1717 1735 1752 1766 1789 1795 1839 1889 1905 1908 1955 1965 1992 2012 2022 2030 2105 2120 2143 2148 2158 2201 2226 2250 2252 2285 2338 
0 14 29 49 53 67 117 130 198 214 225 234 266 279 296 369 386 393 424 437 449 484 498 530 549 620 627 629 642 667 674 678 699 738 770 775 795 812 906 916 940 944 946 948 1030 1074 1081 1088 1111 1128 1193 1203 1222 1230 1237 1288 1344 1361 1407 1418 1432 1448 1450 1466 1483 1500 1546 1563 1672 1678 1684 1700 1711 1726 1730 1734 1740 1822 1834 1859 1871 1917 1938 1948 1961 1988 2005 2047 2058 2072 2087 2100 2110 2200 2213 2217 2230 2248 2261 2310 
0 12 40 61 75 94 108 136 146 197 216 238 251 256 261 294 323 385 416 434 438 454 473 540 557 582 598 613 621 661 667 686 703 729 818 840 851 854 865 913 931 943 991 1035 1053 1080 1093 1094 1098 1161 1234 1240 1242 1247 1254 1262 1267 1275 1286 1328 1423 1441 1456 1500 1510 1546 1564 1577 1606 1649 1668 1669 1670 1714 1775 1781 1800 1825 1862 1877 1884 1890 1894 1940 1944 1983 1995 2025 2107 2123 2135 2140 2155 2163 2169 2230 2249 2268 2285 2310 
28 38 50 53 65 134 147 162 177 178 180 242 272 282 297 336 354 378 387 458 477 491 497 550 569 586 600 608 634 649 669 701 716 792 804 835 841 848 855 862 923 937 974 1028 1042 1043 1045 1072 1076 1104 1146 1187 1197 1228 1275 1290 1342 1349 1401 1403 1408 1473 1485 1503 1523 1537 1546 1565 1605 1619 1644 1690 1703 1706 1728 1733 1782 1813 1867 1887 1889 1895 1913 1923 1944 1976 1995 2012 2024 2058 2072 2149 2168 2186 2212 2213 2233 2251 2332 2342 
14 29 56 75 88 105 119 148 184 208 227 239 266 270 280 318 355 366 386 408 441 468 495 547 557 582 589 592 605 676 696 738 742 767 808 832 863 889 904 905 946 965 977 1006 1012 1028 1057 1069 1153 1162 1203 1210 1227 1231 1250 1273 1292 1342 1355 1423 1426 1465 1480 1482 1508 1512 1545 1557 1577 1601 1617 1684 1693 1738 1782 1786 1795 1814 1865 1878 1885 1888 1895 1969 1984 1998 2022 2025 2123 2128 2143 2145 2165 2174 2213 2252 2253 2256 2287 2309 
24 30 53 54 84 109 124 178 215 217 228 242 254 259 348 356 359 473 477 494 501 518 530 531 570 585 597 614 628 641 671 726 754 774 791 855 880 894 905 913 950 953 970 982 994 1044 1087 1093 1102 1106 1123 1142 1182 1256 1268 1293 1308 1364 1376 1394 1395 1440 1459 1505 1514 1528 1557 1560 1618 1628 1629 1696 1718 1720 1738 1755 1808 1823 1832 1836 1844 1912 1931 1989 1992 2002 2009 2022 2057 2058 2077 2097 2115 2198 2211 2224 2245 2254 2269 2311 
11 19 40 77 86 106 131 167 175 228 239 258 275 323 326 385 401 405 419 434 440 456 457 519 554 560 563 617 629 671 687 740 746 768 769 829 848 855 897 898 904 923 992 1032 1059 1078 1098 1113 1119 1167 1172 1174 1182 1198 1217 1255 1283 1296 1381 1393 1423 1438 1464 1478 1514 1517 1590 1607 1651 1656 1670 1690 1701 1714 1728 1745 1787 1802 1805 1894 1900 1919 1929 1947 1952 1963 1983 2063 2076 2106 2121 2128 2165 2183 2200 2201 2230 2250 2291 2295 
0 9 32 45 106 119 139 174 185 204 215 290 299 315 326 339 347 365 401 413 433 446 461 522 546 565 582 595 689 704 713 725 740 777 795 813 832 864 870 926 932 944 1007 1009 1062 1107 1121 1130 1150 1158 1240 1243 1247 1253 1260 1286 1299 1315 1404 1424 1430 1472 1493 1511 1529 1538 1565 1573 1578 1653 1654 1678 1696 1716 1724 1810 1833 1841 1853 1872 1880 1922 1950 1957 1959 1977 1983 2022 2039 2061 2064 2126 2148 2162 2247 2254 2263 2279 2294 2314 
